"TOA5","Nyack HA08 Cabin","CR1000","43361","CR1000.Std.22","CPU:Nyack_Cabin_corrected_1hr_4_26_12.CR1","5064","Table1"
"TIMESTAMP","RECORD","DoConc1","DoSat1","DO_W_T1","Cond1","Ct1","Cond_W_T1","Lvl_m1","Lvl_W_T1","DoConc2","DoSat2","Do_W_T2","Cond_2","Ct_2","Cond_W_T2","Lvl_m_2","Lvl_W_T2"
"TS","RN","mg/L","%","oC","mS/cm","mS/cm","Deg C","meters","deg C","mg/L","%","oC","mS/cm","mS/cm","Deg C","meters","deg C"
"","","Smp","Smp","Smp","Smp","Smp","Smp","Smp","Smp","Smp","Smp","Smp","Smp","Smp","Smp","Smp","Smp"
"2012-05-02 11:00:00",0,4.988,44.04,4.629,0.29,0.1720783,4.668,2.6,4.541,9.82,88.7,5.433,0.193,0.1167481,5.315,0.499,5.36
"2012-05-02 12:00:00",1,4.99,44.06,4.637,0.291,0.1722043,4.627,2.599,4.541,9.85,88.9,5.398,0.194,0.1172954,5.303,0.497,5.406
"2012-05-02 13:00:00",2,4.989,44.05,4.634,0.291,0.1721441,4.629,2.598,4.54,"NAN",84,5.534,0.192,0.1184739,5.798,0.476,5.97
"2012-05-02 14:00:00",3,4.988,44.04,4.636,0.29,0.1721525,4.65,2.597,4.54,10.24,94.5,6.256,0.193,0.1201392,6.11,0.476,6.29
"2012-05-02 15:00:00",4,4.991,44.07,4.632,0.29,0.1723366,4.663,2.597,4.54,10.32,96.8,6.908,0.192,0.1216899,6.706,0.477,6.938
"2012-05-02 16:00:00",5,4.988,44.04,4.633,0.29,0.1721688,4.639,2.594,4.54,10.23,95.6,6.785,0.193,0.1218381,6.643,0.474,6.788
"2012-05-02 17:00:00",6,4.987,44.03,4.631,0.29,0.1723227,4.67,2.593,4.54,10.15,95.4,6.981,0.193,0.1224677,6.791,0.474,6.979
"2012-05-02 18:00:00",7,4.99,44.05,4.626,0.291,0.1722112,4.608,2.592,4.54,10.08,94,6.666,0.194,0.1227432,6.573,0.474,6.65
"2012-05-02 19:00:00",8,4.988,44.04,4.633,0.291,0.172392,4.629,2.591,4.539,9.87,90.9,6.177,0.193,0.1197527,6.1,0.473,6.166
"2012-05-02 20:00:00",9,4.987,44.03,4.629,0.291,0.1722186,4.613,2.591,4.539,9.44,86,5.732,0.196,0.1203096,5.734,0.473,5.73
"2012-05-02 21:00:00",10,4.988,44.04,4.629,0.291,0.1722865,4.585,2.589,4.539,9.78,87.9,5.239,0.195,0.1176833,5.203,0.472,5.25
"2012-05-02 22:00:00",11,4.987,44.04,4.633,0.291,0.1723463,4.635,2.588,4.539,9.79,87.1,4.838,0.196,0.1169725,4.809,0.471,4.854
"2012-05-02 23:00:00",12,4.987,44.03,4.634,0.291,0.1723567,4.647,2.588,4.539,9.71,85.9,4.614,0.196,0.1156699,4.56,0.471,4.646
"2012-05-03 00:00:00",13,4.986,44.02,4.631,0.291,0.1723796,4.624,2.587,4.539,9.63,84.8,4.475,0.196,0.1152271,4.44,0.471,4.507
"2012-05-03 01:00:00",14,4.987,44.03,4.633,0.291,0.1724248,4.63,2.586,4.538,9.61,84.3,4.287,0.196,0.1146768,4.215,0.47,4.299
"2012-05-03 02:00:00",15,4.987,44.03,4.629,0.291,0.1722529,4.611,2.585,4.538,9.83,85.9,4.162,0.196,0.1139507,4.119,0.47,4.174
"2012-05-03 03:00:00",16,4.988,44.04,4.629,0.291,0.1723731,4.622,2.584,4.538,9.9,86.3,4.02,0.196,0.1136067,3.985,0.469,4.032
"2012-05-03 04:00:00",17,4.991,44.06,4.629,0.291,0.1724079,4.617,2.584,4.538,9.86,85.6,3.898,0.197,0.113304,3.826,0.469,3.902
"2012-05-03 05:00:00",18,4.99,44.06,4.627,0.291,0.1724169,4.648,2.583,4.538,9.98,86.3,3.771,0.196,0.1127059,3.712,0.468,3.783
"2012-05-03 06:00:00",19,4.989,44.04,4.627,0.291,0.1724334,4.629,2.582,4.538,9.97,86,3.678,0.197,0.1123504,3.577,0.468,3.698
"2012-05-03 07:00:00",20,4.986,44.02,4.627,0.291,0.1723736,4.633,2.581,4.538,10.02,86.6,3.744,0.197,0.1126513,3.649,0.467,3.781
"2012-05-03 08:00:00",21,4.988,44.03,4.625,0.291,0.1724727,4.611,2.58,4.537,10.38,90.5,4.082,0.196,0.1139001,3.985,0.468,4.12
"2012-05-03 09:00:00",22,4.985,44.01,4.627,0.291,0.1724619,4.611,2.58,4.537,"NAN",91.8,4.342,0.196,0.1153688,4.505,0.467,4.703
"2012-05-03 10:00:00",23,4.982,43.98,4.631,0.291,0.1725119,4.611,2.579,4.537,"NAN",91.8,4.342,0.196,0.117095,4.939,0.467,5.106
"2012-05-03 11:00:00",24,4.983,43.99,4.627,0.291,0.1723243,4.648,2.578,4.537,10.27,92.7,5.389,0.196,0.1188262,5.237,0.467,5.429
"2012-05-03 12:00:00",25,4.984,44.01,4.631,0.292,0.1725632,4.596,2.577,4.537,"NAN",93.3,5.364,0.196,0.1185616,5.301,0.467,5.393
"2012-05-03 13:00:00",26,4.983,44,4.629,0.291,0.1723216,4.641,2.577,4.537,9.98,90.2,5.42,0.196,0.1187587,5.346,0.467,5.446
"2012-05-03 14:00:00",27,4.984,44,4.627,0.291,0.1724436,4.612,2.576,4.537,10.32,93.2,5.431,0.196,0.1186516,5.317,0.466,5.458
"2012-05-03 15:00:00",28,4.98,43.97,4.628,0.291,0.1726827,4.631,2.575,4.537,10.4,94.2,5.51,0.196,0.1192615,5.394,0.465,5.54
"2012-05-03 16:00:00",29,4.983,43.99,4.627,0.291,0.1724436,4.646,2.574,4.537,"NAN",88.2,5.528,0.202,0.1227719,5.457,0.466,5.557
"2012-05-03 17:00:00",30,4.98,43.97,4.632,0.291,0.1725101,4.618,2.574,4.537,10.16,91.7,5.36,0.197,0.1191382,5.274,0.465,5.381
"2012-05-03 18:00:00",31,4.982,43.98,4.626,0.291,0.1725116,4.65,2.572,4.537,10.14,91.3,5.311,0.197,0.1188603,5.21,0.465,5.345
"2012-05-03 19:00:00",32,4.983,43.99,4.627,0.291,0.1725261,4.65,2.571,4.537,10.04,90.2,5.206,0.197,0.1188938,5.161,0.464,5.213
"2012-05-03 20:00:00",33,4.984,44,4.631,0.291,0.1725796,4.607,2.571,4.537,"NAN",89.5,5.108,0.198,0.1181562,4.906,0.463,4.988
"2012-05-03 21:00:00",34,4.981,43.98,4.629,0.292,0.1726994,4.608,2.57,4.536,9.52,84.6,4.803,0.198,0.1179327,4.733,0.463,4.825
"2012-05-03 22:00:00",35,4.983,44,4.628,0.292,0.1726994,4.619,2.569,4.537,"NAN",84.6,4.803,0.199,0.117874,4.609,0.462,4.692
"2012-05-03 23:00:00",36,4.981,43.97,4.626,0.291,0.1724946,4.623,2.568,4.537,9.64,85.1,4.56,0.199,0.1173959,4.497,0.462,4.592
"2012-05-04 00:00:00",37,4.982,43.99,4.628,0.291,0.1725038,4.614,2.568,4.537,"NAN",85.9,4.512,0.198,0.1168275,4.479,0.461,4.534
"2012-05-04 01:00:00",38,4.983,43.99,4.63,0.292,0.1726184,4.595,2.567,4.537,9.78,86.1,4.462,0.2,0.1173968,4.421,0.462,4.494
"2012-05-04 02:00:00",39,4.979,43.95,4.625,0.292,0.1727675,4.629,2.566,4.537,"NAN",86.3,4.405,0.199,0.1163699,4.301,0.461,4.41
"2012-05-04 03:00:00",40,4.981,43.96,4.616,0.292,0.1727675,4.63,2.565,4.536,"NAN",86.3,4.405,0.199,0.1167347,4.283,0.461,4.387
"2012-05-04 04:00:00",41,4.983,43.98,4.613,0.292,0.1727675,4.629,2.565,4.536,"NAN",86.3,4.405,0.199,0.116468,4.31,0.461,4.406
"2012-05-04 05:00:00",42,4.981,43.97,4.621,0.291,0.1726022,4.614,2.566,4.536,"NAN",86.3,4.405,0.201,0.1178661,4.334,0.461,4.435
"2012-05-04 06:00:00",43,4.984,43.98,4.611,0.291,0.1727313,4.632,2.566,4.536,"NAN",86.3,4.405,0.199,0.1165808,4.333,0.461,4.424
"2012-05-04 07:00:00",44,4.981,43.96,4.619,0.292,0.1727023,4.582,2.565,4.537,"NAN",86.3,4.405,0.199,0.1168743,4.37,0.459,4.534
"2012-05-04 08:00:00",45,4.98,43.96,4.621,0.291,0.1726368,4.68,2.564,4.536,10.16,90.5,4.886,0.201,0.1194426,4.786,0.46,4.938
"2012-05-04 09:00:00",46,4.977,43.94,4.626,0.292,0.1728026,4.615,2.563,4.536,10.3,93.3,5.514,0.199,0.1212462,5.388,0.46,5.554
"2012-05-04 10:00:00",47,4.98,43.96,4.62,0.291,0.1726829,4.635,2.562,4.536,10.25,93.2,5.682,0.198,0.1210072,5.524,0.459,5.707
"2012-05-04 11:00:00",48,4.981,43.96,4.613,0.291,0.1726829,4.654,2.561,4.535,10.01,91.1,5.705,0.199,0.121624,5.591,0.459,5.724
"2012-05-04 12:00:00",49,4.979,43.94,4.617,0.292,0.1727374,4.619,2.561,4.535,10.29,94.2,5.952,0.199,0.122706,5.846,0.459,5.98
"2012-05-04 13:00:00",50,4.97,43.88,4.63,0.292,0.1727984,4.614,2.561,4.537,10.35,96,6.49,0.199,0.1243159,6.277,0.459,6.537
"2012-05-04 14:00:00",51,4.972,43.89,4.622,0.291,0.1727854,4.659,2.559,4.536,10.28,97.2,7.215,0.198,0.1266382,7.033,0.458,7.228
"2012-05-04 15:00:00",52,4.975,43.92,4.628,0.291,0.1727179,4.632,2.559,4.536,10,95.9,7.804,0.199,0.1298087,7.669,0.459,7.826
"2012-05-04 16:00:00",53,4.975,43.92,4.626,0.291,0.1727658,4.645,2.558,4.536,9.92,94.7,7.61,0.199,0.1292616,7.477,0.457,7.615
"2012-05-04 17:00:00",54,4.972,43.9,4.625,0.292,0.1729054,4.603,2.557,4.536,9.14,87.1,7.556,0.203,0.1321675,7.484,0.457,7.537
"2012-05-04 18:00:00",55,4.971,43.89,4.628,0.291,0.1727286,4.642,2.556,4.537,9.59,90.4,7.126,0.206,0.1320064,7.055,0.457,7.101
"2012-05-04 19:00:00",56,4.973,43.9,4.628,0.292,0.1727838,4.62,2.555,4.537,8.68,80.9,6.631,0.209,0.1317593,6.536,0.456,6.631
"2012-05-04 20:00:00",57,4.973,43.9,4.629,0.291,0.1726828,4.626,2.555,4.536,9.42,87.1,6.312,0.202,0.126389,6.252,0.456,6.306
"2012-05-04 21:00:00",58,4.972,43.89,4.629,0.292,0.1728147,4.638,2.554,4.537,9.4,86.1,5.982,0.199,0.1232186,5.913,0.455,5.986
"2012-05-04 22:00:00",59,4.971,43.89,4.627,0.292,0.17287,4.629,2.553,4.535,9.54,86.8,5.718,0.2,0.1226051,5.643,0.456,5.731
"2012-05-04 23:00:00",60,4.972,43.9,4.627,0.292,0.172812,4.631,2.553,4.536,9.44,85.5,5.529,0.2,0.1219665,5.52,0.455,5.54
"2012-05-05 00:00:00",61,4.969,43.87,4.628,0.291,0.1726994,4.627,2.553,4.535,9.02,81.5,5.408,0.201,0.1221686,5.342,0.456,5.42
"2012-05-05 01:00:00",62,4.969,43.87,4.628,0.292,0.1726994,4.617,2.552,4.536,9.43,84.9,5.31,0.201,0.1216406,5.206,0.456,5.323
"2012-05-05 02:00:00",63,4.967,43.86,4.629,0.291,0.1727239,4.641,2.552,4.538,9.43,84.7,5.232,0.201,0.1213243,5.182,0.456,5.253
"2012-05-05 03:00:00",64,4.97,43.88,4.628,0.292,0.1727616,4.604,2.552,4.536,9.43,84.6,5.162,0.2,0.1206202,5.116,0.456,5.186
"2012-05-05 04:00:00",65,4.968,43.86,4.627,0.291,0.1727675,4.638,2.552,4.538,9.19,82.3,5.099,0.201,0.1205532,5.024,0.456,5.118
"2012-05-05 05:00:00",66,4.966,43.85,4.628,0.292,0.1728873,4.601,2.551,4.536,9.48,84.7,5.023,0.201,0.12052,4.939,0.456,5.052
"2012-05-05 06:00:00",67,4.967,43.85,4.625,0.292,0.1727675,4.63,2.551,4.536,8.25,73.61,4.953,0.2,0.1199035,4.92,0.456,4.98
"2012-05-05 07:00:00",68,4.967,43.85,4.626,0.292,0.1727675,4.62,2.551,4.536,9.85,87.8,4.927,0.199,0.1188618,4.881,0.456,4.958
"2012-05-05 08:00:00",69,4.966,43.84,4.628,0.292,0.1727607,4.626,2.55,4.538,8.72,78.07,5.067,0.199,0.1192324,4.993,0.456,5.113
"2012-05-05 09:00:00",70,4.969,43.86,4.624,0.292,0.172939,4.608,2.551,4.535,10.28,92.6,5.322,0.198,0.1196333,5.226,0.456,5.365
"2012-05-05 10:00:00",71,4.963,43.82,4.631,0.292,0.172939,4.626,2.55,4.535,10.38,94.1,5.533,0.197,0.1196827,5.418,0.456,5.567
"2012-05-05 11:00:00",72,4.963,43.81,4.626,0.292,0.1729904,4.649,2.55,4.535,10.43,95.5,5.953,0.201,0.1240728,5.8,0.456,5.989
"2012-05-05 12:00:00",73,4.964,43.82,4.628,0.292,0.1729903,4.611,2.549,4.537,9.75,89.3,5.986,0.196,0.121258,5.878,0.457,5.997
"2012-05-05 13:00:00",74,4.964,43.82,4.626,0.292,0.1729389,4.588,2.551,4.538,10.12,92.3,5.805,0.198,0.121708,5.748,0.457,5.816
"2012-05-05 14:00:00",75,4.963,43.81,4.625,0.292,0.172819,4.639,2.55,4.539,10.27,93.5,5.725,0.197,0.120609,5.625,0.457,5.734
"2012-05-05 15:00:00",76,4.962,43.8,4.626,0.292,0.1729449,4.633,2.55,4.537,9.99,90.7,5.636,0.199,0.1213833,5.571,0.457,5.654
"2012-05-05 16:00:00",77,4.961,43.81,4.632,0.292,0.1729794,4.624,2.55,4.536,10.06,91.1,5.534,0.198,0.1207997,5.474,0.457,5.552
"2012-05-05 17:00:00",78,4.961,43.8,4.627,0.292,0.1729776,4.624,2.55,4.537,10.28,92.8,5.412,0.198,0.1199475,5.358,0.456,5.427
"2012-05-05 18:00:00",79,4.958,43.78,4.629,0.292,0.1729868,4.624,2.55,4.536,10.11,91.1,5.323,0.201,0.1217315,5.271,0.456,5.345
"2012-05-05 19:00:00",80,4.959,43.78,4.63,0.292,0.1730069,4.624,2.55,4.536,9.73,87.2,5.14,0.198,0.1194455,5.117,0.456,5.153
"2012-05-05 20:00:00",81,4.959,43.78,4.632,0.292,0.1728873,4.639,2.55,4.537,7.434,66.31,4.938,0.201,0.1202844,4.9,0.456,4.957
"2012-05-05 21:00:00",82,4.959,43.78,4.628,0.292,0.1728873,4.62,2.549,4.537,9.87,87.7,4.778,0.198,0.1180117,4.746,0.455,4.806
"2012-05-05 22:00:00",83,4.958,43.77,4.628,0.292,0.1728873,4.62,2.548,4.537,9.68,85.7,4.66,0.199,0.1178105,4.639,0.455,4.686
"2012-05-05 23:00:00",84,4.958,43.78,4.632,0.292,0.1728873,4.639,2.548,4.538,9.65,85.3,4.564,0.199,0.1177547,4.543,0.455,4.598
"2012-05-06 00:00:00",85,4.958,43.77,4.627,0.292,0.1731269,4.601,2.548,4.538,9.69,85.4,4.463,0.2,0.1179782,4.427,0.455,4.498
"2012-05-06 01:00:00",86,4.959,43.78,4.629,0.292,0.1731269,4.63,2.547,4.54,9.78,86.1,4.411,0.2,0.1172966,4.379,0.454,4.449
"2012-05-06 02:00:00",87,4.959,43.79,4.629,0.292,0.1728914,4.65,2.547,4.538,9.82,86.4,4.393,0.224,0.1313134,4.332,0.454,4.412
"2012-05-06 03:00:00",88,4.959,43.79,4.631,0.292,0.173127,4.611,2.546,4.538,9.81,86.2,4.359,0.199,0.1165376,4.254,0.454,4.369
"2012-05-06 04:00:00",89,4.959,43.77,4.625,0.292,0.173127,4.611,2.546,4.539,9.88,86.8,4.337,0.2,0.1169839,4.254,0.454,4.352
"2012-05-06 05:00:00",90,4.961,43.8,4.627,0.292,0.173127,4.611,2.545,4.539,9.82,86.2,4.308,0.2,0.1166494,4.225,0.453,4.316
"2012-05-06 06:00:00",91,4.957,43.76,4.629,0.292,0.1731288,4.611,2.545,4.537,9.7,85.1,4.309,0.2,0.116951,4.216,0.453,4.314
"2012-05-06 07:00:00",92,4.957,43.77,4.627,0.293,0.173127,4.591,2.544,4.538,9.92,87.2,4.369,0.201,0.1176988,4.273,0.452,4.384
"2012-05-06 08:00:00",93,4.956,43.75,4.628,0.292,0.1732129,4.654,2.544,4.538,10.34,91.2,4.509,0.2,0.1176876,4.412,0.453,4.551
"2012-05-06 09:00:00",94,4.953,43.73,4.632,0.292,0.1730587,4.618,2.544,4.537,10.57,94,4.813,0.199,0.1180893,4.704,0.452,4.87
"2012-05-06 10:00:00",95,4.956,43.75,4.625,0.292,0.1729904,4.62,2.543,4.538,10.55,95,5.286,0.2,0.1205725,5.18,0.452,5.33
"2012-05-06 11:00:00",96,4.955,43.74,4.628,0.293,0.1732832,4.602,2.543,4.538,10.49,96,5.91,0.199,0.1225784,5.723,0.453,5.978
"2012-05-06 12:00:00",97,4.955,43.75,4.629,0.292,0.1730348,4.621,2.543,4.537,10.62,98.1,6.319,0.2,0.124245,6.101,0.451,6.359
"2012-05-06 13:00:00",98,4.956,43.76,4.63,0.292,0.1731756,4.662,2.542,4.539,10.63,100.6,7.246,0.198,0.1266954,7.037,0.451,7.288
"2012-05-06 14:00:00",99,4.955,43.74,4.624,0.293,0.1731446,4.593,2.541,4.539,9.9,94.5,7.61,0.199,0.1291417,7.464,0.452,7.623
"2012-05-06 15:00:00",100,4.956,43.75,4.626,0.292,0.1732643,4.632,2.54,4.538,10.35,99.3,7.827,0.199,0.1302642,7.679,0.45,7.852
"2012-05-06 16:00:00",101,4.954,43.74,4.628,0.292,0.1731446,4.602,2.541,4.539,9.66,92.9,7.929,0.213,0.1396369,7.757,0.452,7.967
"2012-05-06 17:00:00",102,4.955,43.74,4.625,0.292,0.1731514,4.647,2.54,4.538,8.18,78.1,7.634,0.224,0.1459706,7.548,0.45,7.65
"2012-05-06 18:00:00",103,4.954,43.73,4.627,0.292,0.1732129,4.634,2.54,4.538,9.98,94.6,7.346,0.212,0.1365609,7.233,0.45,7.32
"2012-05-06 19:00:00",104,4.952,43.73,4.631,0.292,0.173281,4.632,2.539,4.539,9.42,88.2,6.834,0.218,0.1388057,6.811,0.45,6.81
"2012-05-06 20:00:00",105,4.952,43.72,4.63,0.292,0.1731134,4.62,2.539,4.539,9.45,87.7,6.488,0.208,0.1305287,6.421,0.45,6.465
"2012-05-06 21:00:00",106,4.951,43.71,4.63,0.292,0.1732061,4.63,2.538,4.539,9.61,88.2,6.027,0.201,0.1247687,5.985,0.45,6.024
"2012-05-06 22:00:00",107,4.951,43.71,4.628,0.292,0.1731843,4.661,2.538,4.539,9.43,85.6,5.608,0.202,0.123338,5.58,0.449,5.613
"2012-05-06 23:00:00",108,4.951,43.71,4.631,0.292,0.1730755,4.592,2.537,4.538,9.65,86.7,5.238,0.201,0.1216101,5.259,0.449,5.252
"2012-05-07 00:00:00",109,4.95,43.7,4.626,0.292,0.1731363,4.654,2.536,4.539,9.51,85,5.019,0.201,0.1207208,4.992,0.449,5.044
"2012-05-07 01:00:00",110,4.95,43.7,4.627,0.292,0.1731439,4.649,2.537,4.539,9.66,85.9,4.828,0.222,0.1324989,4.784,0.449,4.856
"2012-05-07 02:00:00",111,4.948,43.69,4.632,0.292,0.1731613,4.626,2.536,4.539,9.52,84.3,4.645,0.201,0.1193118,4.606,0.449,4.678
"2012-05-07 03:00:00",112,4.949,43.69,4.627,0.293,0.1732123,4.603,2.536,4.538,9.87,87,4.489,0.202,0.1188194,4.439,0.448,4.523
"2012-05-07 04:00:00",113,4.948,43.69,4.629,0.292,0.1732123,4.632,2.536,4.538,9.46,83.2,4.412,0.201,0.1183473,4.4,0.448,4.444
"2012-05-07 05:00:00",114,4.947,43.68,4.633,0.292,0.1732123,4.642,2.535,4.54,9.73,85.3,4.258,0.202,0.118226,4.217,0.448,4.267
"2012-05-07 06:00:00",115,4.946,43.66,4.626,0.293,0.1734523,4.603,2.535,4.539,9.79,85.8,4.259,0.205,0.1198727,4.178,0.448,4.281
"2012-05-07 07:00:00",116,4.946,43.66,4.626,0.293,0.1733839,4.623,2.535,4.54,10.07,88.6,4.376,0.206,0.1205918,4.285,0.448,4.398
"2012-05-07 08:00:00",117,4.944,43.65,4.631,0.292,0.1732952,4.658,2.534,4.54,10.54,93.2,4.614,0.204,0.120668,4.562,0.447,4.672
"2012-05-07 09:00:00",118,4.946,43.66,4.628,0.293,0.173375,4.626,2.534,4.54,10.71,96.3,5.237,0.203,0.1224649,5.128,0.447,5.295
"2012-05-07 10:00:00",119,4.944,43.65,4.631,0.293,0.1732745,4.615,2.534,4.54,10.69,98.3,6.137,0.202,0.1255204,5.998,0.447,6.188
"2012-05-07 11:00:00",120,4.944,43.65,4.628,0.293,0.1732648,4.616,2.533,4.54,10.29,96.9,7.051,0.204,0.1301185,6.833,0.448,7.087
"2012-05-07 12:00:00",121,4.945,43.65,4.624,0.293,0.1734101,4.63,2.533,4.54,10.1,97.1,7.889,0.205,0.1341603,7.706,0.448,7.921
"2012-05-07 13:00:00",122,4.943,43.64,4.629,0.293,0.1733646,4.631,2.533,4.54,8.65,84,8.35,0.22,0.145734,8.19,0.448,8.38
"2012-05-07 14:00:00",123,4.942,43.63,4.628,0.292,0.1732083,4.616,2.532,4.54,8.23,80.7,8.73,0.225,0.1511587,8.61,0.448,8.75
"2012-05-07 15:00:00",124,4.941,43.63,4.631,0.292,0.173436,4.654,2.532,4.541,9.65,95.6,9.14,0.231,0.1564086,8.92,0.448,9.2
"2012-05-07 16:00:00",125,4.942,43.63,4.63,0.293,0.1734794,4.616,2.531,4.542,7.479,73.83,8.99,0.221,0.1502548,8.94,0.448,8.88
"2012-05-07 17:00:00",126,4.942,43.64,4.63,0.292,0.1732974,4.629,2.531,4.542,7.639,74.56,8.52,0.225,0.1505366,8.5,0.447,8.49
"2012-05-07 18:00:00",127,4.941,43.62,4.628,0.293,0.173447,4.587,2.531,4.542,7.86,76.18,8.23,0.226,0.1499803,8.19,0.447,8.2
"2012-05-07 19:00:00",128,4.942,43.63,4.632,0.293,0.1733839,4.625,2.531,4.542,7.407,70.78,7.658,0.232,0.1516601,7.644,0.447,7.663
"2012-05-07 20:00:00",129,4.94,43.61,4.63,0.293,0.1734956,4.647,2.53,4.541,7.756,73.62,7.391,0.222,0.143635,7.324,0.447,7.351
"2012-05-07 21:00:00",130,4.937,43.6,4.636,0.293,0.1734008,4.618,2.53,4.542,9.05,84.9,6.921,0.207,0.1321384,6.885,0.446,6.893
"2012-05-07 22:00:00",131,4.936,43.59,4.633,0.293,0.1733493,4.6,2.53,4.542,9,83.8,6.587,0.206,0.1301023,6.556,0.446,6.571
"2012-05-07 23:00:00",132,4.936,43.58,4.63,0.293,0.1734133,4.641,2.53,4.544,9.22,85,6.25,0.205,0.1282971,6.218,0.446,6.25
"2012-05-08 00:00:00",133,4.936,43.59,4.633,0.292,0.173418,4.646,2.53,4.542,9.18,84.1,6.006,0.208,0.1287379,5.962,0.446,6.009
"2012-05-08 01:00:00",134,4.936,43.58,4.631,0.293,0.1734853,4.624,2.53,4.543,9.06,82.7,5.815,0.207,0.127251,5.775,0.447,5.828
"2012-05-08 02:00:00",135,4.934,43.56,4.63,0.293,0.1734236,4.614,2.529,4.543,9.11,82.8,5.657,0.203,0.1240384,5.571,0.447,5.671
"2012-05-08 03:00:00",136,4.93,43.54,4.637,0.293,0.173555,4.617,2.53,4.541,9.22,83.4,5.46,0.202,0.1229234,5.41,0.447,5.479
"2012-05-08 04:00:00",137,4.933,43.55,4.63,0.293,0.1734478,4.623,2.53,4.542,9.3,83.7,5.281,0.202,0.1223215,5.242,0.447,5.298
"2012-05-08 05:00:00",138,4.933,43.55,4.627,0.293,0.1734993,4.616,2.53,4.543,9.44,84.6,5.113,0.203,0.1219183,5.06,0.447,5.133
"2012-05-08 06:00:00",139,4.933,43.56,4.634,0.293,0.1735036,4.61,2.53,4.542,9.63,86.1,5.014,0.201,0.1207244,4.967,0.447,5.038
"2012-05-08 07:00:00",140,4.931,43.54,4.636,0.293,0.1734584,4.627,2.529,4.543,9.93,88.8,5.011,0.201,0.1205304,4.917,0.447,5.046
"2012-05-08 08:00:00",141,4.93,43.53,4.634,0.293,0.1736611,4.661,2.53,4.543,10.13,91.4,5.395,0.2,0.1213516,5.308,0.449,5.441
"2012-05-08 09:00:00",142,4.932,43.56,4.639,0.292,0.1734013,4.655,2.531,4.544,10.42,95.7,6.097,0.2,0.1236071,5.912,0.449,6.139
"2012-05-08 10:00:00",143,4.931,43.54,4.631,0.293,0.1736237,4.644,2.53,4.543,10.42,98,7.003,0.199,0.1268128,6.813,0.449,7.033
"2012-05-08 11:00:00",144,4.93,43.53,4.639,0.293,0.1736073,4.676,2.531,4.544,9.26,88.5,7.681,0.199,0.1294327,7.546,0.45,7.712
"2012-05-08 12:00:00",145,4.932,43.56,4.639,0.293,0.1736127,4.647,2.531,4.547,8.24,80.1,8.33,0.209,0.138862,8.18,0.45,8.39
"2012-05-08 13:00:00",146,4.928,43.52,4.636,0.293,0.1735889,4.639,2.531,4.546,10.07,100.8,9.56,0.204,0.1399103,9.3,0.451,9.58
"2012-05-08 14:00:00",147,4.93,43.53,4.634,0.292,0.1735463,4.682,2.53,4.545,7.826,77.87,9.32,0.227,0.1560593,9.3,0.451,9.24
"2012-05-02 11:00:00",0,4.988,44.04,4.629,0.29,0.1720783,4.668,2.6,4.541,9.82,88.7,5.433,0.193,0.1167481,5.315,0.499,5.36
"2012-05-02 12:00:00",1,4.99,44.06,4.637,0.291,0.1722043,4.627,2.599,4.541,9.85,88.9,5.398,0.194,0.1172954,5.303,0.497,5.406
"2012-05-02 13:00:00",2,4.989,44.05,4.634,0.291,0.1721441,4.629,2.598,4.54,"NAN",84,5.534,0.192,0.1184739,5.798,0.476,5.97
"2012-05-02 14:00:00",3,4.988,44.04,4.636,0.29,0.1721525,4.65,2.597,4.54,10.24,94.5,6.256,0.193,0.1201392,6.11,0.476,6.29
"2012-05-02 15:00:00",4,4.991,44.07,4.632,0.29,0.1723366,4.663,2.597,4.54,10.32,96.8,6.908,0.192,0.1216899,6.706,0.477,6.938
"2012-05-02 16:00:00",5,4.988,44.04,4.633,0.29,0.1721688,4.639,2.594,4.54,10.23,95.6,6.785,0.193,0.1218381,6.643,0.474,6.788
"2012-05-02 17:00:00",6,4.987,44.03,4.631,0.29,0.1723227,4.67,2.593,4.54,10.15,95.4,6.981,0.193,0.1224677,6.791,0.474,6.979
"2012-05-02 18:00:00",7,4.99,44.05,4.626,0.291,0.1722112,4.608,2.592,4.54,10.08,94,6.666,0.194,0.1227432,6.573,0.474,6.65
"2012-05-02 19:00:00",8,4.988,44.04,4.633,0.291,0.172392,4.629,2.591,4.539,9.87,90.9,6.177,0.193,0.1197527,6.1,0.473,6.166
"2012-05-02 20:00:00",9,4.987,44.03,4.629,0.291,0.1722186,4.613,2.591,4.539,9.44,86,5.732,0.196,0.1203096,5.734,0.473,5.73
"2012-05-02 21:00:00",10,4.988,44.04,4.629,0.291,0.1722865,4.585,2.589,4.539,9.78,87.9,5.239,0.195,0.1176833,5.203,0.472,5.25
"2012-05-02 22:00:00",11,4.987,44.04,4.633,0.291,0.1723463,4.635,2.588,4.539,9.79,87.1,4.838,0.196,0.1169725,4.809,0.471,4.854
"2012-05-02 23:00:00",12,4.987,44.03,4.634,0.291,0.1723567,4.647,2.588,4.539,9.71,85.9,4.614,0.196,0.1156699,4.56,0.471,4.646
"2012-05-03 00:00:00",13,4.986,44.02,4.631,0.291,0.1723796,4.624,2.587,4.539,9.63,84.8,4.475,0.196,0.1152271,4.44,0.471,4.507
"2012-05-03 01:00:00",14,4.987,44.03,4.633,0.291,0.1724248,4.63,2.586,4.538,9.61,84.3,4.287,0.196,0.1146768,4.215,0.47,4.299
"2012-05-03 02:00:00",15,4.987,44.03,4.629,0.291,0.1722529,4.611,2.585,4.538,9.83,85.9,4.162,0.196,0.1139507,4.119,0.47,4.174
"2012-05-03 03:00:00",16,4.988,44.04,4.629,0.291,0.1723731,4.622,2.584,4.538,9.9,86.3,4.02,0.196,0.1136067,3.985,0.469,4.032
"2012-05-03 04:00:00",17,4.991,44.06,4.629,0.291,0.1724079,4.617,2.584,4.538,9.86,85.6,3.898,0.197,0.113304,3.826,0.469,3.902
"2012-05-03 05:00:00",18,4.99,44.06,4.627,0.291,0.1724169,4.648,2.583,4.538,9.98,86.3,3.771,0.196,0.1127059,3.712,0.468,3.783
"2012-05-03 06:00:00",19,4.989,44.04,4.627,0.291,0.1724334,4.629,2.582,4.538,9.97,86,3.678,0.197,0.1123504,3.577,0.468,3.698
"2012-05-03 07:00:00",20,4.986,44.02,4.627,0.291,0.1723736,4.633,2.581,4.538,10.02,86.6,3.744,0.197,0.1126513,3.649,0.467,3.781
"2012-05-03 08:00:00",21,4.988,44.03,4.625,0.291,0.1724727,4.611,2.58,4.537,10.38,90.5,4.082,0.196,0.1139001,3.985,0.468,4.12
"2012-05-03 09:00:00",22,4.985,44.01,4.627,0.291,0.1724619,4.611,2.58,4.537,"NAN",91.8,4.342,0.196,0.1153688,4.505,0.467,4.703
"2012-05-03 10:00:00",23,4.982,43.98,4.631,0.291,0.1725119,4.611,2.579,4.537,"NAN",91.8,4.342,0.196,0.117095,4.939,0.467,5.106
"2012-05-03 11:00:00",24,4.983,43.99,4.627,0.291,0.1723243,4.648,2.578,4.537,10.27,92.7,5.389,0.196,0.1188262,5.237,0.467,5.429
"2012-05-03 12:00:00",25,4.984,44.01,4.631,0.292,0.1725632,4.596,2.577,4.537,"NAN",93.3,5.364,0.196,0.1185616,5.301,0.467,5.393
"2012-05-03 13:00:00",26,4.983,44,4.629,0.291,0.1723216,4.641,2.577,4.537,9.98,90.2,5.42,0.196,0.1187587,5.346,0.467,5.446
"2012-05-03 14:00:00",27,4.984,44,4.627,0.291,0.1724436,4.612,2.576,4.537,10.32,93.2,5.431,0.196,0.1186516,5.317,0.466,5.458
"2012-05-03 15:00:00",28,4.98,43.97,4.628,0.291,0.1726827,4.631,2.575,4.537,10.4,94.2,5.51,0.196,0.1192615,5.394,0.465,5.54
"2012-05-03 16:00:00",29,4.983,43.99,4.627,0.291,0.1724436,4.646,2.574,4.537,"NAN",88.2,5.528,0.202,0.1227719,5.457,0.466,5.557
"2012-05-03 17:00:00",30,4.98,43.97,4.632,0.291,0.1725101,4.618,2.574,4.537,10.16,91.7,5.36,0.197,0.1191382,5.274,0.465,5.381
"2012-05-03 18:00:00",31,4.982,43.98,4.626,0.291,0.1725116,4.65,2.572,4.537,10.14,91.3,5.311,0.197,0.1188603,5.21,0.465,5.345
"2012-05-03 19:00:00",32,4.983,43.99,4.627,0.291,0.1725261,4.65,2.571,4.537,10.04,90.2,5.206,0.197,0.1188938,5.161,0.464,5.213
"2012-05-03 20:00:00",33,4.984,44,4.631,0.291,0.1725796,4.607,2.571,4.537,"NAN",89.5,5.108,0.198,0.1181562,4.906,0.463,4.988
"2012-05-03 21:00:00",34,4.981,43.98,4.629,0.292,0.1726994,4.608,2.57,4.536,9.52,84.6,4.803,0.198,0.1179327,4.733,0.463,4.825
"2012-05-03 22:00:00",35,4.983,44,4.628,0.292,0.1726994,4.619,2.569,4.537,"NAN",84.6,4.803,0.199,0.117874,4.609,0.462,4.692
"2012-05-03 23:00:00",36,4.981,43.97,4.626,0.291,0.1724946,4.623,2.568,4.537,9.64,85.1,4.56,0.199,0.1173959,4.497,0.462,4.592
"2012-05-04 00:00:00",37,4.982,43.99,4.628,0.291,0.1725038,4.614,2.568,4.537,"NAN",85.9,4.512,0.198,0.1168275,4.479,0.461,4.534
"2012-05-04 01:00:00",38,4.983,43.99,4.63,0.292,0.1726184,4.595,2.567,4.537,9.78,86.1,4.462,0.2,0.1173968,4.421,0.462,4.494
"2012-05-04 02:00:00",39,4.979,43.95,4.625,0.292,0.1727675,4.629,2.566,4.537,"NAN",86.3,4.405,0.199,0.1163699,4.301,0.461,4.41
"2012-05-04 03:00:00",40,4.981,43.96,4.616,0.292,0.1727675,4.63,2.565,4.536,"NAN",86.3,4.405,0.199,0.1167347,4.283,0.461,4.387
"2012-05-04 04:00:00",41,4.983,43.98,4.613,0.292,0.1727675,4.629,2.565,4.536,"NAN",86.3,4.405,0.199,0.116468,4.31,0.461,4.406
"2012-05-04 05:00:00",42,4.981,43.97,4.621,0.291,0.1726022,4.614,2.566,4.536,"NAN",86.3,4.405,0.201,0.1178661,4.334,0.461,4.435
"2012-05-04 06:00:00",43,4.984,43.98,4.611,0.291,0.1727313,4.632,2.566,4.536,"NAN",86.3,4.405,0.199,0.1165808,4.333,0.461,4.424
"2012-05-04 07:00:00",44,4.981,43.96,4.619,0.292,0.1727023,4.582,2.565,4.537,"NAN",86.3,4.405,0.199,0.1168743,4.37,0.459,4.534
"2012-05-04 08:00:00",45,4.98,43.96,4.621,0.291,0.1726368,4.68,2.564,4.536,10.16,90.5,4.886,0.201,0.1194426,4.786,0.46,4.938
"2012-05-04 09:00:00",46,4.977,43.94,4.626,0.292,0.1728026,4.615,2.563,4.536,10.3,93.3,5.514,0.199,0.1212462,5.388,0.46,5.554
"2012-05-04 10:00:00",47,4.98,43.96,4.62,0.291,0.1726829,4.635,2.562,4.536,10.25,93.2,5.682,0.198,0.1210072,5.524,0.459,5.707
"2012-05-04 11:00:00",48,4.981,43.96,4.613,0.291,0.1726829,4.654,2.561,4.535,10.01,91.1,5.705,0.199,0.121624,5.591,0.459,5.724
"2012-05-04 12:00:00",49,4.979,43.94,4.617,0.292,0.1727374,4.619,2.561,4.535,10.29,94.2,5.952,0.199,0.122706,5.846,0.459,5.98
"2012-05-04 13:00:00",50,4.97,43.88,4.63,0.292,0.1727984,4.614,2.561,4.537,10.35,96,6.49,0.199,0.1243159,6.277,0.459,6.537
"2012-05-04 14:00:00",51,4.972,43.89,4.622,0.291,0.1727854,4.659,2.559,4.536,10.28,97.2,7.215,0.198,0.1266382,7.033,0.458,7.228
"2012-05-04 15:00:00",52,4.975,43.92,4.628,0.291,0.1727179,4.632,2.559,4.536,10,95.9,7.804,0.199,0.1298087,7.669,0.459,7.826
"2012-05-04 16:00:00",53,4.975,43.92,4.626,0.291,0.1727658,4.645,2.558,4.536,9.92,94.7,7.61,0.199,0.1292616,7.477,0.457,7.615
"2012-05-04 17:00:00",54,4.972,43.9,4.625,0.292,0.1729054,4.603,2.557,4.536,9.14,87.1,7.556,0.203,0.1321675,7.484,0.457,7.537
"2012-05-04 18:00:00",55,4.971,43.89,4.628,0.291,0.1727286,4.642,2.556,4.537,9.59,90.4,7.126,0.206,0.1320064,7.055,0.457,7.101
"2012-05-04 19:00:00",56,4.973,43.9,4.628,0.292,0.1727838,4.62,2.555,4.537,8.68,80.9,6.631,0.209,0.1317593,6.536,0.456,6.631
"2012-05-04 20:00:00",57,4.973,43.9,4.629,0.291,0.1726828,4.626,2.555,4.536,9.42,87.1,6.312,0.202,0.126389,6.252,0.456,6.306
"2012-05-04 21:00:00",58,4.972,43.89,4.629,0.292,0.1728147,4.638,2.554,4.537,9.4,86.1,5.982,0.199,0.1232186,5.913,0.455,5.986
"2012-05-04 22:00:00",59,4.971,43.89,4.627,0.292,0.17287,4.629,2.553,4.535,9.54,86.8,5.718,0.2,0.1226051,5.643,0.456,5.731
"2012-05-04 23:00:00",60,4.972,43.9,4.627,0.292,0.172812,4.631,2.553,4.536,9.44,85.5,5.529,0.2,0.1219665,5.52,0.455,5.54
"2012-05-05 00:00:00",61,4.969,43.87,4.628,0.291,0.1726994,4.627,2.553,4.535,9.02,81.5,5.408,0.201,0.1221686,5.342,0.456,5.42
"2012-05-05 01:00:00",62,4.969,43.87,4.628,0.292,0.1726994,4.617,2.552,4.536,9.43,84.9,5.31,0.201,0.1216406,5.206,0.456,5.323
"2012-05-05 02:00:00",63,4.967,43.86,4.629,0.291,0.1727239,4.641,2.552,4.538,9.43,84.7,5.232,0.201,0.1213243,5.182,0.456,5.253
"2012-05-05 03:00:00",64,4.97,43.88,4.628,0.292,0.1727616,4.604,2.552,4.536,9.43,84.6,5.162,0.2,0.1206202,5.116,0.456,5.186
"2012-05-05 04:00:00",65,4.968,43.86,4.627,0.291,0.1727675,4.638,2.552,4.538,9.19,82.3,5.099,0.201,0.1205532,5.024,0.456,5.118
"2012-05-05 05:00:00",66,4.966,43.85,4.628,0.292,0.1728873,4.601,2.551,4.536,9.48,84.7,5.023,0.201,0.12052,4.939,0.456,5.052
"2012-05-05 06:00:00",67,4.967,43.85,4.625,0.292,0.1727675,4.63,2.551,4.536,8.25,73.61,4.953,0.2,0.1199035,4.92,0.456,4.98
"2012-05-05 07:00:00",68,4.967,43.85,4.626,0.292,0.1727675,4.62,2.551,4.536,9.85,87.8,4.927,0.199,0.1188618,4.881,0.456,4.958
"2012-05-05 08:00:00",69,4.966,43.84,4.628,0.292,0.1727607,4.626,2.55,4.538,8.72,78.07,5.067,0.199,0.1192324,4.993,0.456,5.113
"2012-05-05 09:00:00",70,4.969,43.86,4.624,0.292,0.172939,4.608,2.551,4.535,10.28,92.6,5.322,0.198,0.1196333,5.226,0.456,5.365
"2012-05-05 10:00:00",71,4.963,43.82,4.631,0.292,0.172939,4.626,2.55,4.535,10.38,94.1,5.533,0.197,0.1196827,5.418,0.456,5.567
"2012-05-05 11:00:00",72,4.963,43.81,4.626,0.292,0.1729904,4.649,2.55,4.535,10.43,95.5,5.953,0.201,0.1240728,5.8,0.456,5.989
"2012-05-05 12:00:00",73,4.964,43.82,4.628,0.292,0.1729903,4.611,2.549,4.537,9.75,89.3,5.986,0.196,0.121258,5.878,0.457,5.997
"2012-05-05 13:00:00",74,4.964,43.82,4.626,0.292,0.1729389,4.588,2.551,4.538,10.12,92.3,5.805,0.198,0.121708,5.748,0.457,5.816
"2012-05-05 14:00:00",75,4.963,43.81,4.625,0.292,0.172819,4.639,2.55,4.539,10.27,93.5,5.725,0.197,0.120609,5.625,0.457,5.734
"2012-05-05 15:00:00",76,4.962,43.8,4.626,0.292,0.1729449,4.633,2.55,4.537,9.99,90.7,5.636,0.199,0.1213833,5.571,0.457,5.654
"2012-05-05 16:00:00",77,4.961,43.81,4.632,0.292,0.1729794,4.624,2.55,4.536,10.06,91.1,5.534,0.198,0.1207997,5.474,0.457,5.552
"2012-05-05 17:00:00",78,4.961,43.8,4.627,0.292,0.1729776,4.624,2.55,4.537,10.28,92.8,5.412,0.198,0.1199475,5.358,0.456,5.427
"2012-05-05 18:00:00",79,4.958,43.78,4.629,0.292,0.1729868,4.624,2.55,4.536,10.11,91.1,5.323,0.201,0.1217315,5.271,0.456,5.345
"2012-05-05 19:00:00",80,4.959,43.78,4.63,0.292,0.1730069,4.624,2.55,4.536,9.73,87.2,5.14,0.198,0.1194455,5.117,0.456,5.153
"2012-05-05 20:00:00",81,4.959,43.78,4.632,0.292,0.1728873,4.639,2.55,4.537,7.434,66.31,4.938,0.201,0.1202844,4.9,0.456,4.957
"2012-05-05 21:00:00",82,4.959,43.78,4.628,0.292,0.1728873,4.62,2.549,4.537,9.87,87.7,4.778,0.198,0.1180117,4.746,0.455,4.806
"2012-05-05 22:00:00",83,4.958,43.77,4.628,0.292,0.1728873,4.62,2.548,4.537,9.68,85.7,4.66,0.199,0.1178105,4.639,0.455,4.686
"2012-05-05 23:00:00",84,4.958,43.78,4.632,0.292,0.1728873,4.639,2.548,4.538,9.65,85.3,4.564,0.199,0.1177547,4.543,0.455,4.598
"2012-05-06 00:00:00",85,4.958,43.77,4.627,0.292,0.1731269,4.601,2.548,4.538,9.69,85.4,4.463,0.2,0.1179782,4.427,0.455,4.498
"2012-05-06 01:00:00",86,4.959,43.78,4.629,0.292,0.1731269,4.63,2.547,4.54,9.78,86.1,4.411,0.2,0.1172966,4.379,0.454,4.449
"2012-05-06 02:00:00",87,4.959,43.79,4.629,0.292,0.1728914,4.65,2.547,4.538,9.82,86.4,4.393,0.224,0.1313134,4.332,0.454,4.412
"2012-05-06 03:00:00",88,4.959,43.79,4.631,0.292,0.173127,4.611,2.546,4.538,9.81,86.2,4.359,0.199,0.1165376,4.254,0.454,4.369
"2012-05-06 04:00:00",89,4.959,43.77,4.625,0.292,0.173127,4.611,2.546,4.539,9.88,86.8,4.337,0.2,0.1169839,4.254,0.454,4.352
"2012-05-06 05:00:00",90,4.961,43.8,4.627,0.292,0.173127,4.611,2.545,4.539,9.82,86.2,4.308,0.2,0.1166494,4.225,0.453,4.316
"2012-05-06 06:00:00",91,4.957,43.76,4.629,0.292,0.1731288,4.611,2.545,4.537,9.7,85.1,4.309,0.2,0.116951,4.216,0.453,4.314
"2012-05-06 07:00:00",92,4.957,43.77,4.627,0.293,0.173127,4.591,2.544,4.538,9.92,87.2,4.369,0.201,0.1176988,4.273,0.452,4.384
"2012-05-06 08:00:00",93,4.956,43.75,4.628,0.292,0.1732129,4.654,2.544,4.538,10.34,91.2,4.509,0.2,0.1176876,4.412,0.453,4.551
"2012-05-06 09:00:00",94,4.953,43.73,4.632,0.292,0.1730587,4.618,2.544,4.537,10.57,94,4.813,0.199,0.1180893,4.704,0.452,4.87
"2012-05-06 10:00:00",95,4.956,43.75,4.625,0.292,0.1729904,4.62,2.543,4.538,10.55,95,5.286,0.2,0.1205725,5.18,0.452,5.33
"2012-05-06 11:00:00",96,4.955,43.74,4.628,0.293,0.1732832,4.602,2.543,4.538,10.49,96,5.91,0.199,0.1225784,5.723,0.453,5.978
"2012-05-06 12:00:00",97,4.955,43.75,4.629,0.292,0.1730348,4.621,2.543,4.537,10.62,98.1,6.319,0.2,0.124245,6.101,0.451,6.359
"2012-05-06 13:00:00",98,4.956,43.76,4.63,0.292,0.1731756,4.662,2.542,4.539,10.63,100.6,7.246,0.198,0.1266954,7.037,0.451,7.288
"2012-05-06 14:00:00",99,4.955,43.74,4.624,0.293,0.1731446,4.593,2.541,4.539,9.9,94.5,7.61,0.199,0.1291417,7.464,0.452,7.623
"2012-05-06 15:00:00",100,4.956,43.75,4.626,0.292,0.1732643,4.632,2.54,4.538,10.35,99.3,7.827,0.199,0.1302642,7.679,0.45,7.852
"2012-05-06 16:00:00",101,4.954,43.74,4.628,0.292,0.1731446,4.602,2.541,4.539,9.66,92.9,7.929,0.213,0.1396369,7.757,0.452,7.967
"2012-05-06 17:00:00",102,4.955,43.74,4.625,0.292,0.1731514,4.647,2.54,4.538,8.18,78.1,7.634,0.224,0.1459706,7.548,0.45,7.65
"2012-05-06 18:00:00",103,4.954,43.73,4.627,0.292,0.1732129,4.634,2.54,4.538,9.98,94.6,7.346,0.212,0.1365609,7.233,0.45,7.32
"2012-05-06 19:00:00",104,4.952,43.73,4.631,0.292,0.173281,4.632,2.539,4.539,9.42,88.2,6.834,0.218,0.1388057,6.811,0.45,6.81
"2012-05-06 20:00:00",105,4.952,43.72,4.63,0.292,0.1731134,4.62,2.539,4.539,9.45,87.7,6.488,0.208,0.1305287,6.421,0.45,6.465
"2012-05-06 21:00:00",106,4.951,43.71,4.63,0.292,0.1732061,4.63,2.538,4.539,9.61,88.2,6.027,0.201,0.1247687,5.985,0.45,6.024
"2012-05-06 22:00:00",107,4.951,43.71,4.628,0.292,0.1731843,4.661,2.538,4.539,9.43,85.6,5.608,0.202,0.123338,5.58,0.449,5.613
"2012-05-06 23:00:00",108,4.951,43.71,4.631,0.292,0.1730755,4.592,2.537,4.538,9.65,86.7,5.238,0.201,0.1216101,5.259,0.449,5.252
"2012-05-07 00:00:00",109,4.95,43.7,4.626,0.292,0.1731363,4.654,2.536,4.539,9.51,85,5.019,0.201,0.1207208,4.992,0.449,5.044
"2012-05-07 01:00:00",110,4.95,43.7,4.627,0.292,0.1731439,4.649,2.537,4.539,9.66,85.9,4.828,0.222,0.1324989,4.784,0.449,4.856
"2012-05-07 02:00:00",111,4.948,43.69,4.632,0.292,0.1731613,4.626,2.536,4.539,9.52,84.3,4.645,0.201,0.1193118,4.606,0.449,4.678
"2012-05-07 03:00:00",112,4.949,43.69,4.627,0.293,0.1732123,4.603,2.536,4.538,9.87,87,4.489,0.202,0.1188194,4.439,0.448,4.523
"2012-05-07 04:00:00",113,4.948,43.69,4.629,0.292,0.1732123,4.632,2.536,4.538,9.46,83.2,4.412,0.201,0.1183473,4.4,0.448,4.444
"2012-05-07 05:00:00",114,4.947,43.68,4.633,0.292,0.1732123,4.642,2.535,4.54,9.73,85.3,4.258,0.202,0.118226,4.217,0.448,4.267
"2012-05-07 06:00:00",115,4.946,43.66,4.626,0.293,0.1734523,4.603,2.535,4.539,9.79,85.8,4.259,0.205,0.1198727,4.178,0.448,4.281
"2012-05-07 07:00:00",116,4.946,43.66,4.626,0.293,0.1733839,4.623,2.535,4.54,10.07,88.6,4.376,0.206,0.1205918,4.285,0.448,4.398
"2012-05-07 08:00:00",117,4.944,43.65,4.631,0.292,0.1732952,4.658,2.534,4.54,10.54,93.2,4.614,0.204,0.120668,4.562,0.447,4.672
"2012-05-07 09:00:00",118,4.946,43.66,4.628,0.293,0.173375,4.626,2.534,4.54,10.71,96.3,5.237,0.203,0.1224649,5.128,0.447,5.295
"2012-05-07 10:00:00",119,4.944,43.65,4.631,0.293,0.1732745,4.615,2.534,4.54,10.69,98.3,6.137,0.202,0.1255204,5.998,0.447,6.188
"2012-05-07 11:00:00",120,4.944,43.65,4.628,0.293,0.1732648,4.616,2.533,4.54,10.29,96.9,7.051,0.204,0.1301185,6.833,0.448,7.087
"2012-05-07 12:00:00",121,4.945,43.65,4.624,0.293,0.1734101,4.63,2.533,4.54,10.1,97.1,7.889,0.205,0.1341603,7.706,0.448,7.921
"2012-05-07 13:00:00",122,4.943,43.64,4.629,0.293,0.1733646,4.631,2.533,4.54,8.65,84,8.35,0.22,0.145734,8.19,0.448,8.38
"2012-05-07 14:00:00",123,4.942,43.63,4.628,0.292,0.1732083,4.616,2.532,4.54,8.23,80.7,8.73,0.225,0.1511587,8.61,0.448,8.75
"2012-05-07 15:00:00",124,4.941,43.63,4.631,0.292,0.173436,4.654,2.532,4.541,9.65,95.6,9.14,0.231,0.1564086,8.92,0.448,9.2
"2012-05-07 16:00:00",125,4.942,43.63,4.63,0.293,0.1734794,4.616,2.531,4.542,7.479,73.83,8.99,0.221,0.1502548,8.94,0.448,8.88
"2012-05-07 17:00:00",126,4.942,43.64,4.63,0.292,0.1732974,4.629,2.531,4.542,7.639,74.56,8.52,0.225,0.1505366,8.5,0.447,8.49
"2012-05-07 18:00:00",127,4.941,43.62,4.628,0.293,0.173447,4.587,2.531,4.542,7.86,76.18,8.23,0.226,0.1499803,8.19,0.447,8.2
"2012-05-07 19:00:00",128,4.942,43.63,4.632,0.293,0.1733839,4.625,2.531,4.542,7.407,70.78,7.658,0.232,0.1516601,7.644,0.447,7.663
"2012-05-07 20:00:00",129,4.94,43.61,4.63,0.293,0.1734956,4.647,2.53,4.541,7.756,73.62,7.391,0.222,0.143635,7.324,0.447,7.351
"2012-05-07 21:00:00",130,4.937,43.6,4.636,0.293,0.1734008,4.618,2.53,4.542,9.05,84.9,6.921,0.207,0.1321384,6.885,0.446,6.893
"2012-05-07 22:00:00",131,4.936,43.59,4.633,0.293,0.1733493,4.6,2.53,4.542,9,83.8,6.587,0.206,0.1301023,6.556,0.446,6.571
"2012-05-07 23:00:00",132,4.936,43.58,4.63,0.293,0.1734133,4.641,2.53,4.544,9.22,85,6.25,0.205,0.1282971,6.218,0.446,6.25
"2012-05-08 00:00:00",133,4.936,43.59,4.633,0.292,0.173418,4.646,2.53,4.542,9.18,84.1,6.006,0.208,0.1287379,5.962,0.446,6.009
"2012-05-08 01:00:00",134,4.936,43.58,4.631,0.293,0.1734853,4.624,2.53,4.543,9.06,82.7,5.815,0.207,0.127251,5.775,0.447,5.828
"2012-05-08 02:00:00",135,4.934,43.56,4.63,0.293,0.1734236,4.614,2.529,4.543,9.11,82.8,5.657,0.203,0.1240384,5.571,0.447,5.671
"2012-05-08 03:00:00",136,4.93,43.54,4.637,0.293,0.173555,4.617,2.53,4.541,9.22,83.4,5.46,0.202,0.1229234,5.41,0.447,5.479
"2012-05-08 04:00:00",137,4.933,43.55,4.63,0.293,0.1734478,4.623,2.53,4.542,9.3,83.7,5.281,0.202,0.1223215,5.242,0.447,5.298
"2012-05-08 05:00:00",138,4.933,43.55,4.627,0.293,0.1734993,4.616,2.53,4.543,9.44,84.6,5.113,0.203,0.1219183,5.06,0.447,5.133
"2012-05-08 06:00:00",139,4.933,43.56,4.634,0.293,0.1735036,4.61,2.53,4.542,9.63,86.1,5.014,0.201,0.1207244,4.967,0.447,5.038
"2012-05-08 07:00:00",140,4.931,43.54,4.636,0.293,0.1734584,4.627,2.529,4.543,9.93,88.8,5.011,0.201,0.1205304,4.917,0.447,5.046
"2012-05-08 08:00:00",141,4.93,43.53,4.634,0.293,0.1736611,4.661,2.53,4.543,10.13,91.4,5.395,0.2,0.1213516,5.308,0.449,5.441
"2012-05-08 09:00:00",142,4.932,43.56,4.639,0.292,0.1734013,4.655,2.531,4.544,10.42,95.7,6.097,0.2,0.1236071,5.912,0.449,6.139
"2012-05-08 10:00:00",143,4.931,43.54,4.631,0.293,0.1736237,4.644,2.53,4.543,10.42,98,7.003,0.199,0.1268128,6.813,0.449,7.033
"2012-05-08 11:00:00",144,4.93,43.53,4.639,0.293,0.1736073,4.676,2.531,4.544,9.26,88.5,7.681,0.199,0.1294327,7.546,0.45,7.712
"2012-05-08 12:00:00",145,4.932,43.56,4.639,0.293,0.1736127,4.647,2.531,4.547,8.24,80.1,8.33,0.209,0.138862,8.18,0.45,8.39
"2012-05-08 13:00:00",146,4.928,43.52,4.636,0.293,0.1735889,4.639,2.531,4.546,10.07,100.8,9.56,0.204,0.1399103,9.3,0.451,9.58
"2012-05-08 14:00:00",147,4.93,43.53,4.634,0.292,0.1735463,4.682,2.53,4.545,7.826,77.87,9.32,0.227,0.1560593,9.3,0.451,9.24
"2012-05-08 15:00:00",148,4.647,41.48,5.453,0.296,0.1756996,4.664,2.522,4.545,7.465,74.59,9.49,0.217,0.1496577,9.42,0.441,9.34
"2012-05-08 16:00:00",149,4.791,41.88,4.64,0.294,0.1747146,4.691,2.522,4.544,8.56,85.6,9.53,0.214,0.1466055,9.27,0.442,9.69
"2012-05-08 17:00:00",150,4.791,41.88,4.641,0.294,0.1746063,4.673,2.522,4.544,8.68,85.8,9.05,0.217,0.1469455,8.92,0.441,9.05
"2012-05-08 18:00:00",151,4.789,41.86,4.636,0.295,0.174679,4.635,2.521,4.544,9.36,92.4,9,0.207,0.1399315,8.84,0.441,9.02
"2012-05-08 19:00:00",152,4.789,41.87,4.641,0.294,0.1744823,4.657,2.522,4.545,9.31,90.8,8.49,0.208,0.139331,8.45,0.441,8.49
"2012-05-08 20:00:00",153,4.793,41.9,4.64,0.294,0.1743409,4.621,2.522,4.545,8.14,77.83,7.68,0.214,0.13969,7.63,0.441,7.632
"2012-05-08 21:00:00",154,4.791,41.88,4.633,0.295,0.1744758,4.62,2.522,4.545,9.2,87.3,7.368,0.207,0.1337298,7.326,0.441,7.345
"2012-05-08 22:00:00",155,4.792,41.89,4.639,0.294,0.1743018,4.615,2.523,4.545,9.11,85.6,6.98,0.202,0.1289535,6.931,0.442,6.968
"2012-05-08 23:00:00",156,4.79,41.87,4.634,0.294,0.1743736,4.631,2.524,4.546,9.1,84.7,6.639,0.2,0.1262483,6.597,0.442,6.617
"2012-05-09 00:00:00",157,4.789,41.86,4.635,0.294,0.1742573,4.647,2.525,4.546,9.21,85.3,6.409,0.198,0.1242079,6.399,0.442,6.388
"2012-05-09 01:00:00",158,4.788,41.87,4.646,0.294,0.1743259,4.664,2.526,4.547,9.31,85.8,6.184,0.197,0.1225234,6.155,0.444,6.181
"2012-05-09 02:00:00",159,4.787,41.85,4.643,0.294,0.1743533,4.63,2.527,4.547,9.25,84.8,6.004,0.203,0.1258107,5.946,0.445,6.006
"2012-05-09 03:00:00",160,4.789,41.87,4.638,0.294,0.1743946,4.675,2.529,4.548,9.39,85.7,5.833,0.203,0.1249542,5.797,0.446,5.838
"2012-05-09 04:00:00",161,4.786,41.85,4.648,0.294,0.174275,4.668,2.53,4.548,9.24,84.1,5.71,0.197,0.1209448,5.722,0.447,5.723
"2012-05-09 05:00:00",162,4.788,41.86,4.644,0.294,0.174275,4.628,2.531,4.548,9.41,85.4,5.609,0.196,0.1198152,5.605,0.448,5.626
"2012-05-09 06:00:00",163,4.79,41.87,4.641,0.294,0.174275,4.626,2.532,4.548,9.54,86.4,5.532,0.195,0.118784,5.477,0.449,5.539
"2012-05-09 07:00:00",164,4.787,41.86,4.644,0.294,0.174395,4.636,2.533,4.549,9.82,88.9,5.51,0.194,0.1180568,5.419,0.451,5.54
"2012-05-09 08:00:00",165,4.788,41.86,4.646,0.294,0.174498,4.677,2.535,4.549,10.19,93,5.812,0.198,0.1217534,5.692,0.453,5.849
"2012-05-09 09:00:00",166,4.785,41.83,4.646,0.293,0.1742538,4.695,2.536,4.549,10.41,96,6.236,0.197,0.1221655,6.078,0.455,6.293
"2012-05-09 10:00:00",167,4.784,41.83,4.645,0.295,0.1744956,4.617,2.538,4.548,10.58,100.1,7.246,0.192,0.1232087,7.078,0.457,7.3
"2012-05-09 11:00:00",168,4.786,41.85,4.645,0.294,0.1743788,4.633,2.54,4.55,10.1,97.4,8.06,0.194,0.1276285,7.894,0.458,8.1
"2012-05-09 12:00:00",169,4.786,41.85,4.648,0.294,0.1744947,4.668,2.54,4.55,10.45,102.9,8.9,0.188,0.1271408,8.73,0.457,8.96
"2012-05-09 13:00:00",170,4.786,41.84,4.643,0.294,0.174375,4.658,2.54,4.551,10.18,101.5,9.39,0.194,0.1327338,9.19,0.459,9.43
"2012-05-09 14:00:00",171,4.783,41.82,4.647,0.294,0.1743122,4.672,2.54,4.551,8.8,87.6,9.3,0.211,0.1440104,9.11,0.458,9.36
"2012-05-09 15:00:00",172,4.782,41.81,4.646,0.294,0.1743952,4.641,2.541,4.551,9.86,98.2,9.38,0.208,0.1418576,9.15,0.459,9.47
"2012-05-09 16:00:00",173,4.781,41.81,4.648,0.294,0.1744159,4.655,2.542,4.552,9.86,97.6,9.11,0.204,0.1382222,8.91,0.46,9.15
"2012-05-09 17:00:00",174,4.785,41.84,4.645,0.294,0.1744653,4.637,2.544,4.554,8.51,83.3,8.62,0.205,0.1377118,8.61,0.461,8.54
"2012-05-09 18:00:00",175,4.782,41.81,4.648,0.294,0.174273,4.634,2.543,4.552,8.62,83.2,8.07,0.206,0.136447,8.09,0.459,8.07
"2012-05-09 19:00:00",176,4.78,41.8,4.651,0.294,0.1743399,4.648,2.545,4.553,9.34,89.5,7.776,0.194,0.1271362,7.745,0.461,7.769
"2012-05-09 20:00:00",177,4.786,41.85,4.648,0.295,0.1744615,4.608,2.544,4.553,8.8,83.2,7.194,0.196,0.1261464,7.156,0.46,7.141
"2012-05-09 21:00:00",178,4.781,41.8,4.649,0.294,0.1744104,4.692,2.545,4.553,9.32,87.1,6.761,0.19,0.1209406,6.765,0.461,6.743
"2012-05-09 22:00:00",179,4.78,41.79,4.647,0.294,0.1743512,4.669,2.547,4.552,9.31,86.3,6.444,0.189,0.1185235,6.421,0.462,6.447
"2012-05-09 23:00:00",180,4.78,41.79,4.649,0.294,0.1742395,4.646,2.549,4.552,9.26,85.3,6.181,0.189,0.117418,6.126,0.463,6.177
"2012-05-10 00:00:00",181,4.78,41.79,4.648,0.294,0.1744212,4.672,2.55,4.552,9.41,86.2,5.979,0.188,0.1163661,5.958,0.465,5.989
"2012-05-10 01:00:00",182,4.781,41.8,4.649,0.294,0.1743083,4.679,2.551,4.552,9.62,87.7,5.78,0.186,0.1144437,5.732,0.466,5.781
"2012-05-10 02:00:00",183,4.778,41.78,4.649,0.294,0.1744283,4.64,2.553,4.553,9.42,85.7,5.703,0.186,0.1138764,5.645,0.467,5.707
"2012-05-10 03:00:00",184,4.779,41.79,4.648,0.294,0.1743083,4.669,2.555,4.553,9.68,87.9,5.611,0.186,0.1134215,5.558,0.47,5.623
"2012-05-10 04:00:00",185,4.778,41.78,4.65,0.294,0.1743083,4.621,2.557,4.554,9.69,87.7,5.503,0.185,0.1127443,5.49,0.471,5.504
"2012-05-10 05:00:00",186,4.779,41.79,4.652,0.294,0.1744338,4.621,2.559,4.555,9.8,88.3,5.335,0.183,0.1107057,5.287,0.473,5.355
"2012-05-10 06:00:00",187,4.777,41.77,4.651,0.294,0.1743772,4.655,2.56,4.555,9.92,89,5.164,0.182,0.1096761,5.128,0.474,5.18
"2012-05-10 07:00:00",188,4.779,41.79,4.648,0.294,0.1744972,4.675,2.562,4.555,10.27,92.1,5.156,0.18,0.1080878,5.09,0.476,5.187
"2012-05-10 08:00:00",189,4.78,41.8,4.651,0.294,0.1744481,4.669,2.564,4.556,10.54,94.8,5.255,0.179,0.1078129,5.181,0.478,5.307
"2012-05-10 09:00:00",190,4.776,41.77,4.653,0.294,0.1745004,4.663,2.566,4.555,10.65,96.6,5.564,0.178,0.1081469,5.455,0.48,5.589
"2012-05-10 10:00:00",191,4.778,41.78,4.648,0.294,0.1743599,4.638,2.566,4.556,10.79,99,6.058,0.177,0.1092902,5.914,0.48,6.104
"2012-05-10 11:00:00",192,4.775,41.76,4.652,0.294,0.1743596,4.653,2.567,4.556,10.87,100.9,6.503,0.176,0.1103361,6.307,0.481,6.56
"2012-05-10 12:00:00",193,4.778,41.78,4.649,0.294,0.1744317,4.657,2.568,4.556,10.72,100.4,6.86,0.176,0.1116563,6.739,0.481,6.853
"2012-05-10 13:00:00",194,4.775,41.75,4.651,0.294,0.1744793,4.632,2.568,4.556,10.75,100,6.592,0.176,0.1108754,6.509,0.479,6.593
"2012-05-10 14:00:00",195,4.777,41.78,4.65,0.294,0.1745304,4.635,2.568,4.557,10.72,101.1,7.125,0.176,0.1125471,6.989,0.48,7.135
"2012-05-10 15:00:00",196,4.775,41.76,4.651,0.294,0.1744861,4.668,2.568,4.557,10.64,100.8,7.296,0.176,0.1132985,7.139,0.48,7.261
"2012-05-10 16:00:00",197,4.774,41.75,4.653,0.295,0.1744676,4.62,2.568,4.557,10.64,99.6,6.833,0.177,0.1122357,6.78,0.479,6.81
"2012-05-10 17:00:00",198,4.777,41.77,4.653,0.294,0.1744793,4.637,2.568,4.559,10.49,97.3,6.467,0.178,0.1119805,6.369,0.479,6.436
"2012-05-10 18:00:00",199,4.776,41.76,4.649,0.294,0.1743895,4.677,2.568,4.559,10.54,97,6.174,0.178,0.110523,6.099,0.478,6.15
"2012-05-10 19:00:00",200,4.775,41.75,4.654,0.294,0.1744283,4.639,2.567,4.56,10.36,94.5,5.782,0.179,0.10976,5.722,0.477,5.777
"2012-05-10 20:00:00",201,4.776,41.77,4.648,0.294,0.174497,4.653,2.567,4.56,10.25,92.7,5.467,0.18,0.1094652,5.446,0.476,5.46
"2012-05-10 21:00:00",202,4.775,41.75,4.651,0.294,0.1745437,4.643,2.567,4.56,10.17,91,5.063,0.18,0.1081847,5.019,0.476,5.068
"2012-05-10 22:00:00",203,4.775,41.75,4.653,0.294,0.1743465,4.639,2.566,4.561,10.08,89.6,4.798,0.181,0.1075492,4.765,0.474,4.809
"2012-05-10 23:00:00",204,4.771,41.72,4.655,0.294,0.1744318,4.633,2.566,4.561,9.93,87.8,4.591,0.182,0.1073371,4.565,0.473,4.603
"2012-05-11 00:00:00",205,4.77,41.72,4.654,0.294,0.174464,4.634,2.565,4.562,10.05,88.4,4.386,0.182,0.107063,4.335,0.472,4.388
"2012-05-11 01:00:00",206,4.771,41.73,4.654,0.294,0.1745329,4.642,2.565,4.562,10.12,88.5,4.208,0.182,0.1062581,4.159,0.472,4.212
"2012-05-11 02:00:00",207,4.773,41.74,4.654,0.295,0.1745499,4.634,2.564,4.562,10.18,88.7,4.036,0.183,0.1060282,3.997,0.472,4.029
"2012-05-11 03:00:00",208,4.773,41.74,4.653,0.295,0.1745991,4.638,2.564,4.563,10.21,88.7,3.906,0.183,0.105915,3.866,0.471,3.909
"2012-05-11 04:00:00",209,4.771,41.72,4.656,0.294,0.1744818,4.648,2.563,4.562,10.22,88.4,3.766,0.184,0.1056949,3.732,0.47,3.768
"2012-05-11 05:00:00",210,4.771,41.72,4.652,0.294,0.1745137,4.634,2.562,4.563,10.28,88.6,3.628,0.184,0.1053624,3.592,0.469,3.636
"2012-05-11 06:00:00",211,4.772,41.73,4.653,0.294,0.1745506,4.674,2.562,4.563,10.37,89.2,3.543,0.185,0.1053458,3.488,0.469,3.536
"2012-05-11 07:00:00",212,4.772,41.73,4.653,0.295,0.174565,4.63,2.561,4.563,10.7,92.1,3.589,0.224,0.1279272,3.531,0.468,3.622
"2012-05-11 08:00:00",213,4.771,41.72,4.654,0.294,0.1745072,4.66,2.561,4.564,10.95,95.3,4.006,0.184,0.1061567,3.917,0.468,4.043
"2012-05-11 09:00:00",214,4.768,41.7,4.655,0.294,0.1745614,4.673,2.56,4.564,11.07,98.1,4.672,0.184,0.1086868,4.538,0.467,4.753
"2012-05-11 10:00:00",215,4.77,41.72,4.656,0.294,0.1745772,4.691,2.559,4.564,11.11,100.7,5.55,0.184,0.1115725,5.28,0.467,5.618
"2012-05-11 11:00:00",216,4.769,41.71,4.656,0.294,0.1746379,4.673,2.558,4.564,10.94,101.4,6.416,0.183,0.1143894,6.182,0.466,6.462
"2012-05-11 12:00:00",217,4.772,41.73,4.654,0.294,0.1745814,4.683,2.558,4.565,11.03,104.3,7.261,0.184,0.1178318,6.959,0.466,7.301
"2012-05-11 13:00:00",218,4.768,41.7,4.654,0.294,0.1745469,4.637,2.557,4.564,10.67,102.6,7.93,0.187,0.122184,7.714,0.466,7.965
"2012-05-11 14:00:00",219,4.764,41.66,4.656,0.294,0.1746324,4.693,2.555,4.564,10.61,103.4,8.44,0.185,0.1227662,8.24,0.464,8.48
"2012-05-11 15:00:00",220,4.765,41.67,4.655,0.294,0.1745984,4.667,2.554,4.565,10.51,102.9,8.67,0.184,0.1232372,8.48,0.465,8.7
"2012-05-11 16:00:00",221,4.766,41.68,4.651,0.294,0.1745111,4.678,2.554,4.565,10.08,97.9,8.35,0.19,0.1260886,8.26,0.464,8.33
"2012-05-11 17:00:00",222,4.764,41.67,4.659,0.294,0.1745813,4.653,2.553,4.565,9.35,89.9,7.923,0.204,0.1337885,7.78,0.463,7.838
"2012-05-11 18:00:00",223,4.766,41.69,4.659,0.295,0.1746494,4.644,2.552,4.566,10.32,98.6,7.628,0.19,0.1237145,7.546,0.462,7.624
"2012-05-11 19:00:00",224,4.765,41.68,4.66,0.294,0.1745933,4.678,2.552,4.566,9.74,91.7,7.031,0.19,0.1217412,7.004,0.461,6.994
"2012-05-11 20:00:00",225,4.762,41.66,4.661,0.294,0.1746671,4.657,2.551,4.566,9.79,90.9,6.516,0.192,0.1205281,6.468,0.461,6.481
"2012-05-11 21:00:00",226,4.764,41.67,4.658,0.294,0.1745007,4.628,2.55,4.568,9.68,88.6,5.951,0.207,0.1278497,5.943,0.461,5.932
"2012-05-11 22:00:00",227,4.759,41.63,4.664,0.294,0.1746266,4.692,2.55,4.568,9.72,88.1,5.56,0.19,0.1162244,5.562,0.46,5.555
"2012-05-11 23:00:00",228,4.761,41.64,4.663,0.295,0.1746521,4.642,2.549,4.568,9.76,87.8,5.287,0.189,0.1142197,5.251,0.46,5.283
"2012-05-12 00:00:00",229,4.763,41.66,4.66,0.294,0.1745841,4.677,2.549,4.568,9.8,87.7,5.081,0.188,0.1133076,5.073,0.459,5.09
"2012-05-12 01:00:00",230,4.76,41.64,4.666,0.295,0.1746466,4.647,2.548,4.569,9.77,87,4.891,0.189,0.112997,4.84,0.459,4.913
"2012-05-12 02:00:00",231,4.76,41.65,4.668,0.295,0.1746531,4.651,2.548,4.57,9.79,86.9,4.74,0.188,0.1121066,4.738,0.459,4.769
"2012-05-12 03:00:00",232,4.758,41.62,4.664,0.295,0.1746739,4.652,2.547,4.57,9.96,88,4.585,0.189,0.1116371,4.546,0.458,4.597
"2012-05-12 04:00:00",233,4.758,41.63,4.672,0.295,0.1747008,4.658,2.547,4.57,9.94,87.5,4.439,0.189,0.1109746,4.416,0.458,4.466
"2012-05-12 05:00:00",234,4.759,41.63,4.667,0.295,0.1747223,4.648,2.546,4.57,9.88,86.8,4.355,0.188,0.1103985,4.3,0.457,4.351
"2012-05-12 06:00:00",235,4.759,41.63,4.667,0.295,0.1747223,4.648,2.546,4.571,10.12,88.7,4.263,0.188,0.1101105,4.233,0.457,4.259
"2012-05-12 07:00:00",236,4.757,41.62,4.667,0.295,0.1747758,4.663,2.545,4.571,10.44,91.6,4.318,0.188,0.1097915,4.248,0.457,4.353
"2012-05-12 08:00:00",237,4.757,41.62,4.672,0.295,0.1747132,4.647,2.545,4.571,10.74,95.1,4.663,0.187,0.1103607,4.579,0.456,4.718
"2012-05-12 09:00:00",238,4.757,41.62,4.672,0.295,0.174675,4.652,2.545,4.571,10.98,98.9,5.311,0.186,0.1123196,5.193,0.456,5.374
"2012-05-12 10:00:00",239,4.757,41.62,4.672,0.294,0.1747812,4.689,2.544,4.572,10.97,101.1,6.197,0.186,0.1152181,5.975,0.456,6.253
"2012-05-12 11:00:00",240,4.756,41.61,4.671,0.294,0.1747679,4.698,2.543,4.572,10.69,100.8,7.115,0.185,0.117978,6.838,0.456,7.16
"2012-05-12 12:00:00",241,4.754,41.6,4.676,0.294,0.1748033,4.714,2.543,4.572,10.65,102.4,7.926,0.19,0.1239972,7.654,0.456,7.993
"2012-05-12 13:00:00",242,4.755,41.6,4.672,0.294,0.174739,4.683,2.542,4.572,10.77,105.6,8.73,0.186,0.1246699,8.49,0.456,8.78
"2012-05-12 14:00:00",243,4.756,41.61,4.674,0.294,0.1747342,4.707,2.542,4.573,9.5,93.7,8.93,0.196,0.1317272,8.69,0.456,8.97
"2012-05-12 15:00:00",244,4.753,41.59,4.675,0.294,0.1748177,4.73,2.54,4.573,9.05,89.4,8.98,0.215,0.1449576,8.75,0.455,9.01
"2012-05-12 16:00:00",245,4.754,41.6,4.677,0.295,0.1747316,4.646,2.54,4.573,10.03,99.3,9.12,0.2,0.1358939,8.92,0.455,9.18
"2012-05-12 17:00:00",246,4.751,41.57,4.675,0.294,0.1748029,4.7,2.54,4.574,9.92,97.3,8.71,0.2,0.1340017,8.58,0.455,8.71
"2012-05-12 18:00:00",247,4.754,41.6,4.674,0.294,0.1747428,4.687,2.539,4.574,10.03,97.5,8.37,0.192,0.128062,8.27,0.455,8.38
"2012-05-12 19:00:00",248,4.753,41.59,4.677,0.295,0.1749383,4.639,2.539,4.575,9.23,88.3,7.685,0.2,0.1303575,7.628,0.454,7.652
"2012-05-12 20:00:00",249,4.754,41.6,4.672,0.295,0.1749338,4.637,2.539,4.576,8.97,84.6,7.151,0.196,0.1257859,7.148,0.453,7.1
"2012-05-12 21:00:00",250,4.754,41.6,4.676,0.295,0.1747831,4.664,2.538,4.576,9.52,88.8,6.688,0.193,0.1219279,6.649,0.453,6.661
"2012-05-12 22:00:00",251,4.753,41.59,4.675,0.295,0.1748571,4.674,2.538,4.576,9.42,87,6.298,0.194,0.1209557,6.233,0.453,6.295
"2012-05-12 23:00:00",252,4.755,41.6,4.674,0.295,0.174926,4.644,2.538,4.577,9.52,87.3,5.987,0.191,0.1180607,5.931,0.453,5.991
"2012-05-13 00:00:00",253,4.75,41.57,4.676,0.295,0.1748639,4.634,2.538,4.577,9.54,87,5.782,0.19,0.1170385,5.755,0.453,5.79
"2012-05-13 01:00:00",254,4.751,41.57,4.678,0.295,0.1747553,4.668,2.538,4.578,9.57,86.8,5.581,0.19,0.1157102,5.529,0.453,5.59
"2012-05-13 02:00:00",255,4.752,41.58,4.674,0.294,0.1747943,4.682,2.538,4.578,9.59,86.6,5.408,0.19,0.1153618,5.378,0.454,5.41
"2012-05-13 03:00:00",256,4.751,41.58,4.678,0.295,0.1748244,4.648,2.538,4.578,9.58,86.2,5.269,0.19,0.1147167,5.257,0.454,5.281
"2012-05-13 04:00:00",257,4.75,41.56,4.677,0.294,0.1747043,4.672,2.539,4.579,9.7,86.9,5.111,0.19,0.1142509,5.049,0.454,5.128
"2012-05-13 05:00:00",258,4.75,41.56,4.674,0.295,0.1748934,4.678,2.539,4.579,9.79,87.4,4.965,0.189,0.1134131,4.958,0.454,4.979
"2012-05-13 06:00:00",259,4.75,41.56,4.679,0.295,0.1748935,4.671,2.539,4.58,9.69,86.2,4.849,0.19,0.1130843,4.806,0.455,4.881
"2012-05-13 07:00:00",260,4.749,41.55,4.675,0.295,0.1749408,4.664,2.539,4.58,10.33,92,4.877,0.188,0.1122867,4.819,0.455,4.923
"2012-05-13 08:00:00",261,4.748,41.55,4.68,0.295,0.1749832,4.682,2.539,4.58,10.68,96.1,5.286,0.187,0.1125376,5.155,0.456,5.335
"2012-05-13 09:00:00",262,4.748,41.55,4.676,0.295,0.1750796,4.695,2.54,4.581,10.77,98.6,5.968,0.186,0.1144934,5.787,0.456,6.022
"2012-05-13 10:00:00",263,4.747,41.54,4.68,0.294,0.1749415,4.702,2.54,4.581,10.84,101.5,6.863,0.186,0.1174189,6.648,0.457,6.919
"2012-05-13 11:00:00",264,4.746,41.53,4.678,0.294,0.1749247,4.734,2.54,4.581,10.71,102.6,7.755,0.185,0.120326,7.469,0.457,7.805
"2012-05-13 12:00:00",265,4.744,41.52,4.677,0.294,0.1749119,4.704,2.54,4.581,10.4,101.4,8.45,0.198,0.1308077,8.11,0.457,8.58
"2012-05-13 13:00:00",266,4.745,41.52,4.677,0.295,0.1751115,4.684,2.539,4.581,10.22,101.4,9.23,0.19,0.1295504,9.03,0.457,9.28
"2012-05-13 14:00:00",267,4.744,41.52,4.676,0.295,0.1750753,4.666,2.539,4.582,8.88,88.4,9.33,0.206,0.1412587,9.22,0.457,9.31
"2012-05-13 15:00:00",268,4.744,41.52,4.678,0.295,0.1750753,4.721,2.538,4.582,9.11,91,9.45,0.214,0.1464911,9.26,0.457,9.45
"2012-05-13 16:00:00",269,4.745,41.53,4.679,0.295,0.1750751,4.673,2.539,4.583,8.65,86.2,9.35,0.206,0.1413768,9.23,0.456,9.3
"2012-05-13 17:00:00",270,4.744,41.51,4.678,0.295,0.1750699,4.662,2.538,4.583,8.42,82.7,8.78,0.21,0.1415566,8.78,0.456,8.67
"2012-05-13 18:00:00",271,4.744,41.51,4.677,0.295,0.1751192,4.691,2.538,4.583,7.989,77.61,8.33,0.209,0.1395049,8.3,0.456,8.29
"2012-05-13 19:00:00",272,4.744,41.52,4.68,0.294,0.1750741,4.734,2.539,4.584,9.46,91.7,8.24,0.198,0.1316555,8.17,0.456,8.24
"2012-05-13 20:00:00",273,4.743,41.51,4.675,0.295,0.1749806,4.656,2.539,4.585,9.73,93.2,7.762,0.189,0.1235693,7.744,0.456,7.755
"2012-05-13 21:00:00",274,4.742,41.5,4.679,0.295,0.1749586,4.7,2.54,4.585,8.75,82.6,7.193,0.196,0.1259772,7.173,0.456,7.166
"2012-05-13 22:00:00",275,4.742,41.5,4.68,0.295,0.1749081,4.657,2.54,4.585,9.35,87.5,6.811,0.191,0.121422,6.77,0.457,6.802
"2012-05-13 23:00:00",276,4.743,41.51,4.679,0.295,0.1749773,4.646,2.541,4.586,9.44,87.6,6.49,0.189,0.1186146,6.437,0.457,6.464
"2012-05-14 00:00:00",277,4.74,41.48,4.682,0.295,0.1749262,4.685,2.541,4.586,9.5,87.6,6.243,0.188,0.1175513,6.195,0.458,6.244
"2012-05-14 01:00:00",278,4.742,41.5,4.684,0.295,0.1750789,4.689,2.543,4.587,9.43,86.6,6.054,0.188,0.1164508,5.995,0.459,6.056
"2012-05-14 02:00:00",279,4.742,41.5,4.683,0.294,0.1749956,4.714,2.543,4.587,9.54,87.2,5.895,0.187,0.1156973,5.855,0.46,5.891
"2012-05-14 03:00:00",280,4.74,41.49,4.687,0.295,0.1751157,4.662,2.545,4.588,9.57,87.1,5.733,0.187,0.1150992,5.716,0.461,5.742
"2012-05-14 04:00:00",281,4.743,41.51,4.682,0.295,0.1751502,4.692,2.546,4.589,9.65,87.4,5.565,0.187,0.1141536,5.514,0.461,5.579
"2012-05-14 05:00:00",282,4.739,41.48,4.686,0.295,0.175185,4.687,2.546,4.589,9.63,87,5.427,0.187,0.1132964,5.354,0.462,5.436
"2012-05-14 06:00:00",283,4.738,41.48,4.695,0.295,0.175185,4.687,2.548,4.589,9.88,89,5.31,0.185,0.112208,5.267,0.462,5.328
"2012-05-14 07:00:00",284,4.737,41.47,4.687,0.295,0.1751235,4.664,2.548,4.589,10.23,92.2,5.33,0.184,0.1111899,5.263,0.464,5.366
"2012-05-14 08:00:00",285,4.739,41.48,4.687,0.295,0.175165,4.684,2.549,4.589,10.59,96.4,5.728,0.183,0.11206,5.631,0.466,5.768
"2012-05-14 09:00:00",286,4.738,41.47,4.689,0.295,0.1751339,4.706,2.55,4.59,10.85,100.4,6.348,0.182,0.1133919,6.195,0.466,6.408
"2012-05-14 10:00:00",287,4.739,41.48,4.687,0.295,0.175235,4.685,2.552,4.59,10.78,101.8,7.198,0.181,0.1156358,6.961,0.467,7.245
"2012-05-14 11:00:00",288,4.737,41.46,4.691,0.295,0.1751228,4.715,2.552,4.59,10.79,104.3,8.1,0.18,0.1181152,7.88,0.468,8.15
"2012-05-14 12:00:00",289,4.738,41.47,4.69,0.295,0.1752641,4.716,2.552,4.591,10.63,104.8,8.95,0.181,0.121685,8.69,0.468,9.01
"2012-05-14 13:00:00",290,4.737,41.47,4.694,0.294,0.1751949,4.751,2.552,4.591,10.7,107.5,9.73,0.179,0.1235624,9.45,0.468,9.77
"2012-05-14 14:00:00",291,4.739,41.48,4.689,0.295,0.1752989,4.72,2.552,4.592,10.56,107.4,10.24,0.178,0.1249252,10.01,0.468,10.25
"2012-05-14 15:00:00",292,4.736,41.46,4.696,0.295,0.1752462,4.688,2.553,4.592,9.27,94,10.1,0.192,0.1343993,9.96,0.469,10.06
"2012-05-14 16:00:00",293,4.738,41.47,4.692,0.295,0.1752705,4.685,2.553,4.593,9.67,97.6,9.92,0.191,0.1328733,9.77,0.468,9.82
"2012-05-14 17:00:00",294,4.737,41.47,4.694,0.296,0.1753815,4.673,2.554,4.593,8.44,83.8,9.2,0.208,0.1415439,9.08,0.468,9.21
"2012-05-14 18:00:00",295,4.735,41.46,4.694,0.296,0.1753296,4.656,2.554,4.593,9.54,94,8.93,0.197,0.1328167,8.76,0.468,8.95
"2012-05-14 19:00:00",296,4.734,41.45,4.699,0.295,0.1752892,4.664,2.555,4.594,9.73,94.8,8.45,0.189,0.1260091,8.37,0.469,8.45
"2012-05-14 20:00:00",297,4.736,41.46,4.698,0.295,0.1753002,4.699,2.556,4.594,9.18,87.9,7.731,0.193,0.1259824,7.719,0.469,7.735
"2012-05-14 21:00:00",298,4.733,41.44,4.699,0.295,0.1753167,4.678,2.557,4.595,9.4,89.1,7.323,0.185,0.1193646,7.258,0.47,7.302
"2012-05-14 22:00:00",299,4.735,41.45,4.697,0.295,0.1752671,4.685,2.558,4.595,9.49,89.1,6.93,0.186,0.1186084,6.886,0.47,6.917
"2012-05-14 23:00:00",300,4.735,41.45,4.698,0.296,0.1753374,4.655,2.56,4.596,9.44,88.1,6.686,0.183,0.1159682,6.612,0.472,6.675
"2012-05-15 00:00:00",301,4.734,41.45,4.699,0.295,0.175268,4.68,2.561,4.596,9.29,86.2,6.471,0.182,0.1142645,6.413,0.473,6.468
"2012-05-15 01:00:00",302,4.734,41.45,4.7,0.295,0.1752867,4.678,2.563,4.597,9.52,88,6.316,0.181,0.1131091,6.227,0.475,6.315
"2012-05-15 02:00:00",303,4.733,41.44,4.701,0.295,0.17535,4.684,2.565,4.597,9.51,87.6,6.18,0.181,0.112753,6.116,0.477,6.175
"2012-05-15 03:00:00",304,4.733,41.45,4.7,0.296,0.1753561,4.667,2.567,4.597,9.49,87,6.017,0.181,0.1119602,5.974,0.479,6.02
"2012-05-15 04:00:00",305,4.735,41.46,4.698,0.295,0.175374,4.7,2.569,4.598,9.61,87.8,5.87,0.18,0.1107676,5.832,0.48,5.868
"2012-05-15 05:00:00",306,4.734,41.44,4.696,0.296,0.1753978,4.673,2.571,4.598,9.78,88.9,5.682,0.178,0.1089518,5.621,0.483,5.682
"2012-05-15 06:00:00",307,4.732,41.44,4.702,0.296,0.1754238,4.654,2.573,4.599,9.97,90.3,5.525,0.177,0.1075767,5.447,0.485,5.536
"2012-05-15 07:00:00",308,4.734,41.45,4.701,0.295,0.1753585,4.719,2.575,4.6,10.36,93.9,5.521,0.175,0.1063356,5.425,0.487,5.558
"2012-05-15 08:00:00",309,4.734,41.45,4.702,0.295,0.1753847,4.7,2.577,4.6,10.7,97.7,5.839,0.173,0.1060851,5.744,0.488,5.88
"2012-05-15 09:00:00",310,4.731,41.42,4.703,0.295,0.1754446,4.731,2.578,4.6,10.88,100.8,6.416,0.172,0.1076746,6.231,0.489,6.465
"2012-05-15 10:00:00",311,4.735,41.46,4.699,0.296,0.1754485,4.671,2.579,4.601,10.91,103.1,7.2,0.171,0.1093348,6.985,0.491,7.243
"2012-05-15 11:00:00",312,4.732,41.44,4.703,0.295,0.1754658,4.741,2.58,4.601,10.89,104.9,7.972,0.171,0.1120369,7.818,0.491,8.04
"2012-05-15 12:00:00",313,4.734,41.45,4.697,0.295,0.1754912,4.736,2.581,4.601,10.86,106.5,8.74,0.172,0.115044,8.51,0.491,8.79
"2012-05-15 13:00:00",314,4.734,41.45,4.703,0.295,0.1753661,4.726,2.582,4.602,9.95,98.6,9.16,0.178,0.121155,9,0.492,9.13
"2012-05-15 14:00:00",315,4.734,41.45,4.701,0.296,0.1755435,4.698,2.582,4.603,10.73,107.7,9.68,0.174,0.1201124,9.43,0.492,9.74
"2012-05-15 15:00:00",316,4.733,41.44,4.7,0.295,0.1755357,4.721,2.582,4.603,10.12,101.7,9.75,0.175,0.1212308,9.66,0.492,9.75
"2012-05-15 16:00:00",317,4.734,41.45,4.704,0.295,0.1754378,4.686,2.582,4.603,10.37,104.5,9.82,0.171,0.118379,9.64,0.491,9.78
"2012-05-15 17:00:00",318,4.734,41.45,4.702,0.295,0.1755519,4.748,2.583,4.604,9.18,90.8,9.04,0.184,0.1247786,8.97,0.491,9.05
"2012-05-15 18:00:00",319,4.733,41.45,4.704,0.295,0.1755032,4.735,2.584,4.604,9.37,91.4,8.52,0.184,0.1231844,8.5,0.491,8.48
"2012-05-15 19:00:00",320,4.734,41.45,4.702,0.295,0.1754687,4.725,2.585,4.605,9.83,95.3,8.24,0.176,0.1168248,8.17,0.491,8.23
"2012-05-15 20:00:00",321,4.735,41.46,4.703,0.296,0.1755846,4.705,2.586,4.605,9.7,92.9,7.74,0.174,0.1138618,7.684,0.492,7.727
"2012-05-15 21:00:00",322,4.734,41.45,4.707,0.296,0.175575,4.685,2.588,4.606,9.39,89,7.348,0.175,0.1128148,7.303,0.494,7.318
"2012-05-15 22:00:00",323,4.732,41.44,4.706,0.295,0.1755584,4.709,2.59,4.606,9.43,88.8,7.077,0.174,0.1111835,6.996,0.495,7.056
"2012-05-15 23:00:00",324,4.735,41.46,4.704,0.296,0.1755077,4.675,2.592,4.607,9.51,89.1,6.866,0.173,0.1100163,6.807,0.498,6.857
"2012-05-16 00:00:00",325,4.732,41.44,4.707,0.296,0.1755774,4.664,2.594,4.607,9.55,89.1,6.711,0.173,0.1094218,6.641,0.5,6.705
"2012-05-16 01:00:00",326,4.733,41.44,4.706,0.296,0.175599,4.676,2.597,4.607,9.65,89.8,6.595,0.172,0.1085394,6.517,0.503,6.596
"2012-05-16 02:00:00",327,4.734,41.45,4.706,0.295,0.1756438,4.72,2.6,4.608,9.6,89,6.446,0.171,0.1071928,6.367,0.505,6.447
"2012-05-16 03:00:00",328,4.732,41.45,4.708,0.295,0.1755271,4.706,2.603,4.608,9.75,90,6.301,0.17,0.1057601,6.187,0.508,6.306
"2012-05-16 04:00:00",329,4.736,41.47,4.709,0.295,0.1755271,4.707,2.605,4.609,9.77,89.8,6.125,0.168,0.1045449,6.052,0.511,6.117
"2012-05-16 05:00:00",330,4.735,41.46,4.707,0.296,0.1757165,4.703,2.608,4.609,9.9,90.6,5.927,0.166,0.102412,5.874,0.514,5.921
"2012-05-16 06:00:00",331,4.732,41.44,4.712,0.296,0.1755966,4.684,2.611,4.61,9.93,90.5,5.745,0.165,0.101482,5.68,0.516,5.756
"2012-05-16 07:00:00",332,4.734,41.47,4.71,0.296,0.1756544,4.691,2.614,4.611,10.38,94.4,5.687,0.164,0.1003552,5.6,0.519,5.713
"2012-05-16 08:00:00",333,4.735,41.47,4.711,0.295,0.1755675,4.741,2.617,4.611,10.61,97.1,5.924,0.163,0.1006826,5.814,0.52,5.953
"2012-05-16 09:00:00",334,4.734,41.46,4.715,0.295,0.1756627,4.733,2.619,4.612,10.78,99.8,6.397,0.162,0.1012146,6.261,0.522,6.442
"2012-05-16 10:00:00",335,4.733,41.45,4.713,0.295,0.1756448,4.744,2.62,4.612,10.81,101.5,6.944,0.162,0.1026756,6.776,0.523,6.985
"2012-05-16 11:00:00",336,4.733,41.47,4.722,0.295,0.1757587,4.772,2.622,4.612,10.88,104,7.654,0.161,0.1045621,7.526,0.524,7.714
"2012-05-16 12:00:00",337,4.734,41.47,4.715,0.296,0.1756742,4.695,2.623,4.613,10.78,104.7,8.33,0.161,0.1071137,8.21,0.523,8.36
"2012-05-16 13:00:00",338,4.734,41.47,4.719,0.296,0.1757939,4.692,2.623,4.613,10.72,105.2,8.74,0.162,0.1085823,8.57,0.523,8.76
"2012-05-16 14:00:00",339,4.733,41.46,4.715,0.296,0.17574,4.72,2.624,4.614,10.64,105.1,8.99,0.161,0.1091795,8.88,0.524,8.99
"2012-05-16 15:00:00",340,4.735,41.47,4.716,0.295,0.1756815,4.768,2.624,4.615,"NAN",104.7,9.1,0.162,0.1102488,9.02,0.522,9.09
"2012-05-16 16:00:00",341,4.736,41.48,4.715,0.296,0.1757917,4.739,2.624,4.615,"NAN",104.7,9.1,0.163,0.1098056,8.74,0.521,8.8
"2012-05-16 17:00:00",342,4.731,41.45,4.721,0.296,0.1757427,4.683,2.625,4.615,"NAN",104.7,9.1,0.163,0.1087107,8.31,0.521,8.38
"2012-05-16 18:00:00",343,4.733,41.46,4.717,0.296,0.1757644,4.691,2.626,4.616,"NAN",104.7,9.1,0.164,0.1080715,7.991,0.521,8.01
"2012-05-16 19:00:00",344,4.734,41.47,4.721,0.295,0.175733,4.738,2.628,4.616,"NAN",104.7,9.1,0.164,0.1069228,7.55,0.523,7.586
"2012-05-16 20:00:00",345,4.734,41.47,4.722,0.296,0.175708,4.697,2.63,4.616,"NAN",104.7,9.1,0.164,0.1058092,7.206,0.525,7.305
"2012-05-16 21:00:00",346,4.733,41.47,4.726,0.296,0.1756597,4.659,2.633,4.617,"NAN",104.7,9.1,0.164,0.1049197,7.023,0.528,7.114
"2012-05-16 22:00:00",347,4.734,41.47,4.723,0.296,0.1757288,4.7,2.637,4.617,"NAN",104.7,9.1,0.163,0.1039837,6.86,0.532,6.98
"2012-05-16 23:00:00",348,4.735,41.49,4.726,0.295,0.1757994,4.751,2.641,4.618,"NAN",104.7,9.1,0.162,0.1030052,6.757,0.536,6.822
"2012-05-17 00:00:00",349,4.735,41.49,4.725,0.296,0.1757483,4.706,2.645,4.618,"NAN",104.7,9.1,0.161,0.1014258,6.575,0.539,6.673
"2012-05-17 01:00:00",350,4.735,41.49,4.725,0.296,0.1757797,4.688,2.65,4.619,"NAN",104.7,9.1,0.16,0.1006432,6.431,0.543,6.518
"2012-05-17 02:00:00",351,4.736,41.5,4.724,0.296,0.1758183,4.694,2.656,4.619,"NAN",104.7,9.1,0.159,0.09938326,6.282,0.548,6.374
"2012-05-17 03:00:00",352,4.732,41.46,4.724,0.296,0.1758183,4.704,2.661,4.62,"NAN",104.7,9.1,0.158,0.09817458,6.146,0.552,6.245
"2012-05-17 04:00:00",353,4.731,41.45,4.726,0.296,0.1759384,4.711,2.667,4.62,"NAN",104.7,9.1,0.156,0.0970103,6.056,0.56,6.115
"2012-05-17 05:00:00",354,4.736,41.49,4.722,0.296,0.1758183,4.718,2.673,4.621,"NAN",104.7,9.1,0.156,0.09600746,5.86,0.565,5.966
"2012-05-17 06:00:00",355,4.737,41.5,4.723,0.296,0.1760027,4.746,2.678,4.621,"NAN",104.7,9.1,0.154,0.09430464,5.684,0.568,5.818
"2012-05-17 07:00:00",356,4.735,41.48,4.725,0.296,0.1759892,4.736,2.683,4.622,"NAN",104.7,9.1,0.154,0.09405208,5.616,0.571,5.743
"2012-05-17 08:00:00",357,4.735,41.49,4.727,0.296,0.1758922,4.748,2.686,4.622,"NAN",104.7,9.1,0.153,0.09361328,5.685,0.572,5.79
"2012-05-17 09:00:00",358,4.736,41.5,4.725,0.296,0.1758941,4.702,2.691,4.623,"NAN",104.7,9.1,0.153,0.0946201,5.92,0.572,6.107
"2012-05-17 10:00:00",359,4.74,41.53,4.724,0.296,0.1760024,4.715,2.693,4.623,"NAN",104.7,9.1,0.153,0.09629643,6.368,0.568,6.504
"2012-05-17 11:00:00",360,4.739,41.52,4.728,0.296,0.176002,4.723,2.694,4.624,"NAN",104.7,9.1,0.155,0.09708715,6.318,0.567,6.377
"2012-05-17 12:00:00",361,4.738,41.51,4.725,0.296,0.1759353,4.768,2.693,4.624,"NAN",104.7,9.1,0.154,0.09838628,7.004,0.565,7.134
"2012-05-17 13:00:00",362,4.739,41.52,4.723,0.296,0.1759832,4.691,2.693,4.625,"NAN",104.7,9.1,0.155,0.1007912,7.501,0.564,7.624
"2012-05-17 14:00:00",363,4.739,41.53,4.73,0.297,0.1760275,4.681,2.691,4.625,"NAN",104.7,9.1,0.157,0.1022563,7.648,0.561,7.751
"2012-05-17 15:00:00",364,4.742,41.55,4.726,0.296,0.176121,4.742,2.689,4.626,"NAN",104.7,9.1,0.157,0.1013385,7.32,0.557,7.409
"2012-05-17 16:00:00",365,4.741,41.55,4.729,0.296,0.1760319,4.686,2.688,4.626,"NAN",104.7,9.1,0.158,0.1012824,7.059,0.554,7.213
"2012-05-17 17:00:00",366,4.741,41.54,4.725,0.296,0.176122,4.724,2.685,4.627,"NAN",104.7,9.1,0.16,0.1021546,6.99,0.551,7.111
"2012-05-17 18:00:00",367,4.743,41.56,4.729,0.296,0.1760259,4.704,2.683,4.627,"NAN",104.7,9.1,0.16,0.1017602,6.843,0.547,6.946
"2012-05-17 19:00:00",368,4.743,41.56,4.729,0.296,0.1761913,4.726,2.68,4.628,"NAN",104.7,9.1,0.161,0.1015492,6.612,0.545,6.725
"2012-05-17 20:00:00",369,4.742,41.55,4.727,0.296,0.1761407,4.727,2.678,4.628,"NAN",104.7,9.1,0.161,0.1013428,6.43,0.543,6.505
"2012-05-17 21:00:00",370,4.741,41.54,4.725,0.296,0.1760535,4.745,2.675,4.629,"NAN",104.7,9.1,0.162,0.1015409,6.244,0.541,6.341
"2012-05-17 22:00:00",371,4.744,41.56,4.728,0.296,0.1761153,4.742,2.673,4.629,"NAN",104.7,9.1,0.163,0.1016251,6.154,0.539,6.24
"2012-05-17 23:00:00",372,4.745,41.58,4.729,0.297,0.1761599,4.701,2.671,4.63,"NAN",104.7,9.1,0.163,0.1014061,6.045,0.537,6.141
"2012-05-18 00:00:00",373,4.745,41.57,4.727,0.296,0.1760644,4.764,2.669,4.63,"NAN",104.7,9.1,0.164,0.1013316,5.944,0.535,6.055
"2012-05-18 01:00:00",374,4.744,41.57,4.724,0.296,0.1761093,4.736,2.667,4.631,"NAN",104.7,9.1,0.165,0.1017432,5.819,0.535,5.928
"2012-05-18 02:00:00",375,4.746,41.58,4.727,0.296,0.1761717,4.727,2.665,4.631,"NAN",104.7,9.1,0.165,0.1011821,5.665,0.533,5.773
"2012-05-18 03:00:00",376,4.743,41.57,4.731,0.296,0.1761789,4.743,2.663,4.632,"NAN",104.7,9.1,0.165,0.1007684,5.526,0.531,5.632
"2012-05-18 04:00:00",377,4.745,41.58,4.733,0.296,0.1762087,4.756,2.66,4.632,"NAN",104.7,9.1,0.165,0.1005565,5.393,0.529,5.465
"2012-05-18 05:00:00",378,4.746,41.58,4.726,0.296,0.1762486,4.74,2.658,4.633,"NAN",104.7,9.1,0.166,0.100518,5.291,0.528,5.363
"2012-05-18 06:00:00",379,4.746,41.59,4.728,0.297,0.1762179,4.691,2.656,4.633,"NAN",104.7,9.1,0.167,0.1007768,5.164,0.526,5.274
"2012-05-18 07:00:00",380,4.746,41.59,4.732,0.296,0.1761799,4.716,2.654,4.634,"NAN",104.7,9.1,0.167,0.1007365,5.218,0.525,5.298
"2012-05-18 08:00:00",381,4.744,41.57,4.727,0.296,0.1761983,4.781,2.652,4.634,"NAN",104.7,9.1,0.167,0.1008187,5.244,0.523,5.376
"2012-05-18 09:00:00",382,4.745,41.58,4.731,0.297,0.1761603,4.706,2.65,4.635,"NAN",104.7,9.1,0.167,0.1010293,5.257,0.521,5.392
"2012-05-18 10:00:00",383,4.746,41.59,4.734,0.297,0.1763327,4.734,2.648,4.635,"NAN",104.7,9.1,0.167,0.1022679,5.642,0.521,5.808
"2012-05-18 11:00:00",384,4.751,41.63,4.731,0.297,0.1764348,4.727,2.645,4.636,"NAN",104.7,9.1,0.167,0.1033126,5.848,0.52,5.998
"2012-05-18 12:00:00",385,4.746,41.6,4.739,0.297,0.1762748,4.726,2.643,4.636,"NAN",104.7,9.1,0.168,0.1037299,5.837,0.519,6
"2012-05-18 13:00:00",386,4.749,41.61,4.731,0.297,0.1763311,4.732,2.641,4.637,"NAN",104.7,9.1,0.168,0.1060144,6.561,0.516,6.76
"2012-05-18 14:00:00",387,4.748,41.6,4.729,0.297,0.1765013,4.74,2.639,4.637,"NAN",104.7,9.1,0.168,0.1065238,6.734,0.516,6.961
"2012-05-18 15:00:00",388,4.749,41.62,4.736,0.297,0.1765243,4.727,2.636,4.638,"NAN",104.7,9.1,0.168,0.1088817,7.481,0.514,7.72
"2012-05-18 16:00:00",389,4.747,41.6,4.737,0.297,0.1765494,4.735,2.634,4.638,"NAN",104.7,9.1,0.169,0.109234,7.392,0.513,7.521
"2012-05-18 17:00:00",390,4.749,41.62,4.736,0.297,0.176501,4.717,2.632,4.639,"NAN",104.7,9.1,0.169,0.1090328,7.228,0.51,7.376
"2012-05-18 18:00:00",391,4.745,41.59,4.737,0.296,0.1763811,4.751,2.63,4.639,"NAN",104.7,9.1,0.17,0.1085013,6.979,0.509,7.062
"2012-05-18 19:00:00",392,4.745,41.6,4.745,0.297,0.1763711,4.723,2.628,4.64,"NAN",104.7,9.1,0.171,0.1079335,6.621,0.508,6.643
"2012-05-18 20:00:00",393,4.746,41.6,4.741,0.297,0.176437,4.716,2.626,4.64,"NAN",104.7,9.1,0.173,0.1081784,6.197,0.506,6.262
"2012-05-18 21:00:00",394,4.748,41.62,4.74,0.297,0.1765375,4.72,2.624,4.641,"NAN",104.7,9.1,0.172,0.1061884,5.851,0.505,5.92
"2012-05-18 22:00:00",395,4.748,41.62,4.745,0.296,0.1764195,4.762,2.622,4.642,"NAN",104.7,9.1,0.172,0.1055514,5.729,0.503,5.78
"2012-05-18 23:00:00",396,4.749,41.63,4.745,0.297,0.1764549,4.729,2.62,4.642,"NAN",104.7,9.1,0.173,0.1059265,5.599,0.502,5.686
"2012-05-19 00:00:00",397,4.749,41.63,4.743,0.297,0.1765303,4.728,2.62,4.643,"NAN",104.7,9.1,0.174,0.1057217,5.463,0.502,5.517
"2012-05-19 01:00:00",398,4.749,41.63,4.747,0.297,0.1765592,4.745,2.617,4.643,"NAN",104.7,9.1,0.173,0.1049406,5.306,0.501,5.355
"2012-05-19 02:00:00",399,4.749,41.63,4.744,0.297,0.1765921,4.73,2.616,4.644,"NAN",104.7,9.1,0.174,0.104894,5.107,0.499,5.205
"2012-05-19 03:00:00",400,4.75,41.64,4.744,0.297,0.1766289,4.754,2.615,4.644,"NAN",104.7,9.1,0.176,0.1054249,4.995,0.498,5.045
"2012-05-19 04:00:00",401,4.748,41.63,4.745,0.297,0.176629,4.716,2.613,4.645,"NAN",104.7,9.1,0.177,0.1055598,4.871,0.498,4.922
"2012-05-19 05:00:00",402,4.749,41.63,4.747,0.297,0.1765142,4.712,2.612,4.645,"NAN",104.7,9.1,0.176,0.1045546,4.674,0.497,4.769
"2012-05-19 06:00:00",403,4.748,41.63,4.75,0.297,0.1765783,4.737,2.61,4.646,"NAN",104.7,9.1,0.176,0.1041343,4.601,0.496,4.686
"2012-05-19 07:00:00",404,4.748,41.63,4.75,0.297,0.1765128,4.753,2.608,4.646,"NAN",104.7,9.1,0.176,0.1042921,4.55,0.495,4.609
"2012-05-19 08:00:00",405,4.748,41.63,4.751,0.297,0.1765657,4.732,2.608,4.647,"NAN",104.7,9.1,0.177,0.1047604,4.665,0.494,4.807
"2012-05-19 09:00:00",406,4.749,41.63,4.748,0.297,0.1766111,4.767,2.606,4.647,"NAN",104.7,9.1,0.174,0.1041139,4.931,0.494,5.096
"2012-05-19 10:00:00",407,4.748,41.62,4.75,0.297,0.1767167,4.739,2.606,4.648,"NAN",104.7,9.1,0.173,0.1054699,5.435,0.494,5.64
"2012-05-19 11:00:00",408,4.75,41.65,4.752,0.297,0.1766928,4.771,2.604,4.649,"NAN",104.7,9.1,0.174,0.10783,5.999,0.492,6.283
"2012-05-19 12:00:00",409,4.752,41.66,4.751,0.297,0.1765529,4.733,2.603,4.649,"NAN",104.7,9.1,0.174,0.1096413,6.474,0.492,6.716
"2012-05-19 13:00:00",410,4.75,41.64,4.75,0.297,0.176723,4.763,2.601,4.65,"NAN",104.7,9.1,0.174,0.1116339,7.03,0.491,7.32
"2012-05-19 14:00:00",411,4.748,41.63,4.75,0.297,0.176788,4.725,2.6,4.65,"NAN",104.7,9.1,0.174,0.1109561,6.865,0.49,7.003
"2012-05-19 15:00:00",412,4.751,41.65,4.752,0.297,0.1767009,4.77,2.598,4.65,"NAN",104.7,9.1,0.175,0.1096079,6.405,0.489,6.505
"2012-05-19 16:00:00",413,4.752,41.66,4.748,0.297,0.1766884,4.722,2.597,4.651,"NAN",104.7,9.1,0.175,0.1092439,6.181,0.488,6.313
"2012-05-19 17:00:00",414,4.754,41.68,4.748,0.297,0.1767955,4.741,2.595,4.652,"NAN",104.7,9.1,0.177,0.1101267,6.152,0.487,6.231
"2012-05-19 18:00:00",415,4.751,41.66,4.752,0.297,0.1768409,4.732,2.594,4.652,"NAN",104.7,9.1,0.178,0.1101618,6.027,0.486,6.162
"2012-05-19 19:00:00",416,4.753,41.67,4.753,0.297,0.1768618,4.728,2.592,4.653,"NAN",104.7,9.1,0.177,0.109684,5.955,0.485,6.027
"2012-05-19 20:00:00",417,4.751,41.65,4.751,0.297,0.1767926,4.765,2.591,4.653,"NAN",104.7,9.1,0.178,0.109622,5.808,0.484,5.877
"2012-05-19 21:00:00",418,4.752,41.66,4.751,0.297,0.176881,4.73,2.59,4.653,"NAN",104.7,9.1,0.196,0.1201213,5.609,0.484,5.686
"2012-05-19 22:00:00",419,4.752,41.66,4.749,0.297,0.1768307,4.764,2.589,4.654,"NAN",104.7,9.1,0.18,0.1099508,5.479,0.482,5.569
"2012-05-19 23:00:00",420,4.751,41.66,4.75,0.297,0.1767741,4.727,2.588,4.655,"NAN",104.7,9.1,0.179,0.1088714,5.471,0.482,5.531
"2012-05-20 00:00:00",421,4.751,41.66,4.754,0.297,0.1767805,4.733,2.587,4.655,"NAN",104.7,9.1,0.179,0.1085832,5.332,0.481,5.435
"2012-05-20 01:00:00",422,4.752,41.67,4.755,0.297,0.1768675,4.774,2.585,4.656,"NAN",104.7,9.1,0.18,0.10865,5.228,0.48,5.3
"2012-05-20 02:00:00",423,4.754,41.68,4.753,0.297,0.1768,4.752,2.584,4.656,"NAN",104.7,9.1,0.182,0.1092739,5.1,0.48,5.177
"2012-05-20 03:00:00",424,4.753,41.67,4.753,0.298,0.1769529,4.712,2.584,4.657,"NAN",104.7,9.1,0.181,0.1087861,4.982,0.479,5.04
"2012-05-20 04:00:00",425,4.753,41.68,4.753,0.298,0.1769905,4.735,2.582,4.657,"NAN",104.7,9.1,0.182,0.1087315,4.841,0.479,4.916
"2012-05-20 05:00:00",426,4.754,41.68,4.755,0.297,0.17687,4.728,2.581,4.658,"NAN",104.7,9.1,0.181,0.1073877,4.718,0.478,4.809
"2012-05-20 06:00:00",427,4.751,41.66,4.755,0.297,0.176871,4.752,2.581,4.658,"NAN",104.7,9.1,0.181,0.1076832,4.703,0.477,4.756
"2012-05-20 07:00:00",428,4.754,41.69,4.753,0.297,0.1769422,4.761,2.58,4.659,"NAN",104.7,9.1,0.181,0.1075992,4.781,0.477,4.903
"2012-05-20 08:00:00",429,4.752,41.67,4.756,0.297,0.1770943,4.787,2.579,4.659,"NAN",104.7,9.1,0.179,0.107607,5.057,0.477,5.251
"2012-05-20 09:00:00",430,4.754,41.69,4.758,0.297,0.1769023,4.782,2.578,4.66,"NAN",104.7,9.1,0.177,0.1086103,5.633,0.476,5.879
"2012-05-20 10:00:00",431,4.752,41.67,4.755,0.297,0.1770476,4.77,2.577,4.66,"NAN",104.7,9.1,0.178,0.1104,6.085,0.476,6.277
"2012-05-20 11:00:00",432,4.752,41.68,4.759,0.298,0.1771952,4.765,2.576,4.661,"NAN",104.7,9.1,0.179,0.1126085,6.526,0.475,6.781
"2012-05-20 12:00:00",433,4.752,41.67,4.757,0.297,0.1770832,4.801,2.577,4.661,"NAN",104.7,9.1,0.181,0.1159589,7,0.475,7.261
"2012-05-20 13:00:00",434,4.75,41.66,4.765,0.297,0.1770746,4.771,2.574,4.662,"NAN",104.7,9.1,0.179,0.1161358,7.398,0.475,7.727
"2012-05-20 14:00:00",435,4.754,41.69,4.759,0.298,0.1771328,4.764,2.573,4.663,"NAN",104.7,9.1,0.178,0.1177283,8.06,0.475,8.42
"2012-05-20 15:00:00",436,4.752,41.67,4.762,0.298,0.1770103,4.723,2.572,4.663,"NAN",104.7,9.1,0.18,0.1189757,8.1,0.474,8.24
"2012-05-20 16:00:00",437,4.753,41.68,4.76,0.298,0.1770713,4.751,2.57,4.663,"NAN",104.7,9.1,0.183,0.1205325,7.847,0.472,8.02
"2012-05-20 17:00:00",438,4.754,41.69,4.767,0.298,0.1770825,4.747,2.57,4.664,"NAN",104.7,9.1,0.183,0.1193292,7.648,0.472,7.698
"2012-05-20 18:00:00",439,4.755,41.7,4.764,0.298,0.1772027,4.734,2.569,4.664,"NAN",104.7,9.1,0.181,0.1169016,7.283,0.472,7.315
"2012-05-20 19:00:00",440,4.756,41.71,4.765,0.298,0.1771519,4.727,2.568,4.665,"NAN",104.7,9.1,0.183,0.1168774,6.974,0.471,6.984
"2012-05-20 20:00:00",441,4.753,41.7,4.77,0.297,0.1771004,4.774,2.567,4.666,"NAN",104.7,9.1,0.182,0.1154554,6.661,0.47,6.71
"2012-05-20 21:00:00",442,4.752,41.68,4.769,0.298,0.1772869,4.757,2.566,4.666,"NAN",104.7,9.1,0.185,0.1160005,6.392,0.47,6.461
"2012-05-20 22:00:00",443,4.753,41.69,4.77,0.298,0.1773214,4.744,2.566,4.667,"NAN",104.7,9.1,0.187,0.1165802,6.254,0.469,6.332
"2012-05-20 23:00:00",444,4.754,41.7,4.77,0.298,0.1773602,4.785,2.566,4.667,"NAN",104.7,9.1,0.189,0.1180096,6.217,0.469,6.267
"2012-05-21 00:00:00",445,4.753,41.69,4.775,0.298,0.1771218,4.748,2.565,4.668,"NAN",104.7,9.1,0.189,0.1179785,6.141,0.47,6.211
"2012-05-21 01:00:00",446,4.754,41.7,4.772,0.298,0.1773625,4.78,2.565,4.668,"NAN",104.7,9.1,0.189,0.1173173,6.077,0.47,6.169
"2012-05-21 02:00:00",447,4.753,41.7,4.772,0.298,0.1772421,4.782,2.565,4.669,"NAN",104.7,9.1,0.184,0.1139331,6.039,0.469,6.124
"2012-05-21 03:00:00",448,4.753,41.7,4.774,0.298,0.1773064,4.751,2.565,4.669,"NAN",104.7,9.1,0.186,0.115328,5.95,0.469,6.03
"2012-05-21 04:00:00",449,4.754,41.7,4.771,0.298,0.1771919,4.736,2.565,4.67,"NAN",104.7,9.1,0.184,0.1135878,5.877,0.47,5.951
"2012-05-21 05:00:00",450,4.752,41.69,4.771,0.298,0.1773821,4.767,2.565,4.67,"NAN",104.7,9.1,0.186,0.114103,5.753,0.47,5.865
"2012-05-21 06:00:00",451,4.753,41.7,4.775,0.298,0.1773825,4.733,2.564,4.671,"NAN",104.7,9.1,0.186,0.1138987,5.7,0.47,5.801
"2012-05-21 07:00:00",452,4.754,41.7,4.776,0.298,0.1773825,4.721,2.564,4.672,"NAN",104.7,9.1,0.184,0.1129701,5.727,0.47,5.855
"2012-05-21 08:00:00",453,4.753,41.7,4.775,0.298,0.1774257,4.746,2.564,4.672,"NAN",104.7,9.1,0.183,0.1130364,5.838,0.47,5.957
"2012-05-21 09:00:00",454,4.754,41.71,4.775,0.298,0.1773627,4.801,2.566,4.672,"NAN",104.7,9.1,0.182,0.1128453,5.933,0.472,6.092
"2012-05-21 10:00:00",455,10.72,106.8,9.91,0.005,-1.36527,9.17,0,9.27,"NAN",104.7,9.1,0.183,0.1143113,6.247,0.472,6.443
"2012-05-21 11:00:00",456,4.739,41.66,4.856,0.298,0.1772925,4.76,2.583,4.673,"NAN",104.7,9.1,0.18,0.1131459,6.473,0.472,6.626
"2012-05-21 12:00:00",457,4.752,41.69,4.776,0.298,0.1774665,4.775,2.582,4.674,"NAN",104.7,9.1,0.18,0.1142909,6.751,0.472,6.956
"2012-05-21 13:00:00",458,4.752,41.69,4.778,0.298,0.1772225,4.768,2.583,4.674,"NAN",104.7,9.1,0.181,0.1163365,7.084,0.472,7.285
"2012-05-21 14:00:00",459,4.753,41.69,4.774,0.298,0.1773428,4.804,2.583,4.675,"NAN",104.7,9.1,0.178,0.1143661,7.053,0.473,7.217
"2012-05-21 15:00:00",460,4.753,41.7,4.775,0.298,0.177463,4.805,2.585,4.675,"NAN",104.7,9.1,0.185,0.1183548,7.034,0.473,7.162
"2012-05-21 16:00:00",461,4.753,41.7,4.777,0.298,0.177463,4.805,2.585,4.676,"NAN",104.7,9.1,0.179,0.1153123,7.19,0.473,7.363
"2012-05-21 17:00:00",462,4.753,41.7,4.777,0.298,0.1774367,4.791,2.586,4.676,"NAN",104.7,9.1,0.178,0.1148246,7.166,0.473,7.275
"2012-05-21 18:00:00",463,4.752,41.7,4.779,0.298,0.1774452,4.781,2.586,4.677,"NAN",104.7,9.1,0.179,0.1143923,7.019,0.473,7.155
"2012-05-21 19:00:00",464,4.753,41.7,4.777,0.298,0.177463,4.756,2.586,4.677,"NAN",104.7,9.1,0.182,0.1155452,6.809,0.473,6.896
"2012-05-21 20:00:00",465,4.757,41.73,4.777,0.298,0.177463,4.798,2.587,4.678,"NAN",104.7,9.1,0.179,0.1133659,6.589,0.474,6.646
"2012-05-21 21:00:00",466,4.758,41.75,4.777,0.298,0.1775326,4.798,2.59,4.678,"NAN",104.7,9.1,0.179,0.1122256,6.424,0.476,6.5
"2012-05-21 22:00:00",467,4.753,41.71,4.781,0.298,0.1775331,4.789,2.591,4.679,"NAN",104.7,9.1,0.178,0.1116276,6.279,0.476,6.371
"2012-05-21 23:00:00",468,4.758,41.75,4.775,0.298,0.177548,4.772,2.596,4.679,"NAN",104.7,9.1,0.182,0.1133018,6.194,0.478,6.318
"2012-05-22 00:00:00",469,4.756,41.73,4.78,0.298,0.1775893,4.795,2.6,4.68,"NAN",104.7,9.1,0.177,0.1101889,6.188,0.48,6.311
"2012-05-22 01:00:00",470,4.758,41.75,4.779,0.298,0.1775854,4.785,2.603,4.68,"NAN",104.7,9.1,0.18,0.1119702,6.188,0.48,6.261
"2012-05-22 02:00:00",471,4.758,41.75,4.778,0.298,0.1774829,4.777,2.605,4.681,"NAN",104.7,9.1,0.178,0.1107543,6.092,0.481,6.234
"2012-05-22 03:00:00",472,4.759,41.76,4.78,0.298,0.1776033,4.768,2.607,4.681,"NAN",104.7,9.1,0.179,0.1109301,6.064,0.483,6.195
"2012-05-22 04:00:00",473,4.76,41.76,4.779,0.298,0.1774829,4.782,2.61,4.682,"NAN",104.7,9.1,0.177,0.1099227,6.039,0.484,6.144
"2012-05-22 05:00:00",474,4.758,41.75,4.786,0.299,0.1776243,4.736,2.613,4.682,"NAN",104.7,9.1,0.176,0.1088106,5.973,0.487,6.097
"2012-05-22 06:00:00",475,4.758,41.75,4.784,0.298,0.1776247,4.785,2.615,4.683,"NAN",104.7,9.1,0.176,0.1086677,5.955,0.489,6.078
"2012-05-22 07:00:00",476,4.764,41.8,4.781,0.298,0.1776041,4.755,2.618,4.683,"NAN",104.7,9.1,0.175,0.1086468,6.022,0.493,6.11
"2012-05-22 08:00:00",477,4.761,41.78,4.786,0.298,0.1776034,4.792,2.622,4.684,"NAN",104.7,9.1,0.172,0.1069237,6.02,0.497,6.212
"2012-05-22 09:00:00",478,4.762,41.78,4.784,0.298,0.1775833,4.815,2.626,4.684,"NAN",104.7,9.1,0.169,0.1054745,6.266,0.499,6.477
"2012-05-22 10:00:00",479,4.763,41.8,4.788,0.298,0.1777044,4.793,2.629,4.684,"NAN",104.7,9.1,0.166,0.1054098,6.701,0.503,6.886
"2012-05-22 11:00:00",480,4.763,41.8,4.788,0.298,0.177652,4.817,2.632,4.685,"NAN",104.7,9.1,0.165,0.1046968,6.734,0.508,6.882
"2012-05-22 12:00:00",481,4.764,41.81,4.792,0.298,0.1776024,4.776,2.637,4.686,"NAN",104.7,9.1,0.162,0.1027722,6.655,0.511,6.858
"2012-05-22 13:00:00",482,4.765,41.82,4.788,0.299,0.1777067,4.737,2.641,4.686,"NAN",104.7,9.1,0.161,0.1031721,7.084,0.515,7.225
"2012-05-22 14:00:00",483,4.765,41.81,4.788,0.298,0.1777212,4.776,2.644,4.687,"NAN",104.7,9.1,0.16,0.1028329,7.181,0.516,7.304
"2012-05-22 15:00:00",484,4.765,41.82,4.793,0.298,0.1777086,4.815,2.649,4.687,"NAN",104.7,9.1,0.159,0.103304,7.446,0.52,7.682
"2012-05-22 16:00:00",485,4.765,41.82,4.791,0.298,0.1777739,4.799,2.652,4.688,"NAN",104.7,9.1,0.159,0.1033057,7.566,0.522,7.614
"2012-05-22 17:00:00",486,4.764,41.82,4.797,0.298,0.1777192,4.795,2.655,4.688,"NAN",104.7,9.1,0.158,0.1018488,7.21,0.524,7.345
"2012-05-22 18:00:00",487,4.768,41.84,4.79,0.298,0.1777191,4.776,2.658,4.688,"NAN",104.7,9.1,0.158,0.1002008,6.801,0.526,6.865
"2012-05-22 19:00:00",488,4.771,41.88,4.792,0.299,0.1777237,4.763,2.661,4.689,"NAN",104.7,9.1,0.158,0.09919994,6.428,0.527,6.473
"2012-05-22 20:00:00",489,4.771,41.88,4.799,0.298,0.1777911,4.82,2.663,4.69,"NAN",104.7,9.1,0.158,0.0985214,6.117,0.527,6.189
"2012-05-22 21:00:00",490,4.773,41.9,4.792,0.298,0.1777068,4.775,2.665,4.69,"NAN",104.7,9.1,0.158,0.09764483,5.858,0.529,5.933
"2012-05-22 22:00:00",491,4.772,41.89,4.798,0.298,0.1777439,4.81,2.667,4.691,"NAN",104.7,9.1,0.16,0.09800058,5.69,0.529,5.77
"2012-05-22 23:00:00",492,4.771,41.88,4.801,0.298,0.1777439,4.781,2.668,4.691,"NAN",104.7,9.1,0.159,0.09697889,5.584,0.529,5.685
"2012-05-23 00:00:00",493,4.773,41.89,4.798,0.299,0.1777439,4.762,2.669,4.692,"NAN",104.7,9.1,0.159,0.09693545,5.526,0.529,5.623
"2012-05-23 01:00:00",494,4.772,41.89,4.803,0.298,0.1777439,4.782,2.669,4.692,"NAN",104.7,9.1,0.159,0.0965699,5.381,0.529,5.482
"2012-05-23 02:00:00",495,4.775,41.92,4.797,0.299,0.1777632,4.749,2.669,4.693,"NAN",104.7,9.1,0.159,0.09630238,5.329,0.529,5.375
"2012-05-23 03:00:00",496,4.773,41.9,4.801,0.299,0.1779058,4.768,2.669,4.693,"NAN",104.7,9.1,0.158,0.09562802,5.203,0.527,5.276
"2012-05-23 04:00:00",497,4.774,41.91,4.801,0.299,0.1778646,4.764,2.668,4.694,"NAN",104.7,9.1,0.161,0.09701598,5.092,0.526,5.209
"2012-05-23 05:00:00",498,4.775,41.92,4.801,0.298,0.1778646,4.804,2.668,4.694,"NAN",104.7,9.1,0.16,0.09585731,5.036,0.525,5.134
"2012-05-23 06:00:00",499,4.777,41.94,4.805,0.299,0.1778646,4.773,2.667,4.695,"NAN",104.7,9.1,0.162,0.09700235,4.995,0.523,5.096
"2012-05-23 07:00:00",500,4.777,41.94,4.805,0.299,0.177985,4.772,2.666,4.695,"NAN",104.7,9.1,0.162,0.09730487,4.984,0.522,5.116
"2012-05-23 08:00:00",501,4.779,41.95,4.795,0.299,0.177985,4.76,2.665,4.696,"NAN",104.7,9.1,0.163,0.09768764,5.04,0.52,5.181
"2012-05-23 09:00:00",502,4.779,41.96,4.802,0.299,0.1780401,4.795,2.663,4.696,"NAN",104.7,9.1,0.163,0.09818851,5.123,0.52,5.289
"2012-05-23 10:00:00",503,4.78,41.97,4.803,0.299,0.1780351,4.775,2.661,4.697,"NAN",104.7,9.1,0.163,0.09900443,5.315,0.517,5.441
"2012-05-23 11:00:00",504,4.781,41.98,4.801,0.299,0.1780856,4.765,2.659,4.698,"NAN",104.7,9.1,0.164,0.09968837,5.441,0.516,5.604
"2012-05-23 12:00:00",505,4.781,41.98,4.803,0.299,0.1781765,4.777,2.657,4.698,"NAN",104.7,9.1,0.164,0.1009427,5.84,0.515,5.994
"2012-05-23 13:00:00",506,4.783,41.99,4.8,0.299,0.178137,4.781,2.655,4.699,"NAN",104.7,9.1,0.164,0.1022357,6.087,0.513,6.258
"2012-05-23 14:00:00",507,4.783,41.99,4.802,0.299,0.1781352,4.818,2.653,4.699,"NAN",104.7,9.1,0.165,0.1039737,6.541,0.512,6.722
"2012-05-23 15:00:00",508,4.787,42.02,4.801,0.299,0.1781767,4.785,2.651,4.7,"NAN",104.7,9.1,0.167,0.1048817,6.382,0.511,6.478
"2012-05-23 16:00:00",509,4.785,42.01,4.803,0.299,0.178085,4.8,2.65,4.7,"NAN",104.7,9.1,0.166,0.1041505,6.368,0.509,6.556
"2012-05-23 17:00:00",510,4.787,42.03,4.802,0.299,0.1782055,4.817,2.648,4.701,"NAN",104.7,9.1,0.166,0.1048937,6.54,0.507,6.694
"2012-05-23 18:00:00",511,4.787,42.02,4.8,0.299,0.178085,4.778,2.646,4.702,"NAN",104.7,9.1,0.168,0.105484,6.472,0.506,6.574
"2012-05-23 19:00:00",512,4.787,42.03,4.804,0.299,0.178085,4.762,2.644,4.702,"NAN",104.7,9.1,0.168,0.1048578,6.233,0.505,6.327
"2012-05-23 20:00:00",513,4.786,42.02,4.803,0.299,0.178034,4.773,2.642,4.703,"NAN",104.7,9.1,0.168,0.1041036,6.001,0.504,6.014
"2012-05-23 21:00:00",514,4.788,42.04,4.807,0.299,0.1782203,4.785,2.641,4.703,"NAN",104.7,9.1,0.169,0.1038269,5.655,0.502,5.751
"2012-05-23 22:00:00",515,4.788,42.04,4.807,0.299,0.178226,4.81,2.639,4.704,"NAN",104.7,9.1,0.194,0.1185587,5.574,0.501,5.604
"2012-05-23 23:00:00",516,4.788,42.04,4.805,0.299,0.178226,4.791,2.637,4.704,"NAN",104.7,9.1,0.17,0.1036674,5.429,0.5,5.493
"2012-05-24 00:00:00",517,4.789,42.05,4.805,0.299,0.178226,4.791,2.635,4.705,"NAN",104.7,9.1,0.171,0.1034701,5.303,0.498,5.445
"2012-05-24 01:00:00",518,4.789,42.04,4.807,0.299,0.178226,4.772,2.634,4.706,"NAN",104.7,9.1,0.173,0.1047204,5.303,0.498,5.439
"2012-05-24 02:00:00",519,4.788,42.05,4.816,0.299,0.178226,4.801,2.632,4.706,"NAN",104.7,9.1,0.172,0.1040072,5.303,0.496,5.444
"2012-05-24 03:00:00",520,4.79,42.06,4.81,0.299,0.178226,4.791,2.631,4.707,"NAN",104.7,9.1,0.172,0.1043582,5.303,0.495,5.422
"2012-05-24 04:00:00",521,4.791,42.06,4.807,0.299,0.1783466,4.82,2.629,4.707,"NAN",104.7,9.1,0.173,0.1045229,5.255,0.494,5.38
"2012-05-24 05:00:00",522,4.788,42.05,4.816,0.299,0.1783466,4.81,2.628,4.708,"NAN",104.7,9.1,0.173,0.1046655,5.206,0.493,5.329
"2012-05-24 06:00:00",523,4.79,42.06,4.812,0.3,0.1783466,4.772,2.626,4.709,"NAN",104.7,9.1,0.173,0.1045996,5.216,0.492,5.293
"2012-05-24 07:00:00",524,4.794,42.1,4.813,0.299,0.1783466,4.791,2.625,4.709,"NAN",104.7,9.1,0.176,0.1059948,5.177,0.491,5.318
"2012-05-24 08:00:00",525,4.791,42.07,4.817,0.299,0.1783466,4.81,2.624,4.71,"NAN",104.7,9.1,0.174,0.1056996,5.303,0.491,5.43
"2012-05-24 09:00:00",526,4.792,42.09,4.817,0.299,0.1782792,4.814,2.624,4.71,"NAN",104.7,9.1,0.175,0.1063154,5.403,0.49,5.532
"2012-05-24 10:00:00",527,4.793,42.1,4.821,0.299,0.1782761,4.823,2.623,4.711,"NAN",104.7,9.1,0.174,0.1064804,5.539,0.49,5.754
"2012-05-24 11:00:00",528,4.792,42.08,4.818,0.299,0.1783896,4.832,2.622,4.712,"NAN",104.7,9.1,0.173,0.1064546,5.848,0.488,6.009
"2012-05-24 12:00:00",529,4.791,42.08,4.821,0.299,0.1784468,4.801,2.62,4.712,"NAN",104.7,9.1,0.173,0.1088313,6.457,0.487,6.765
"2012-05-24 13:00:00",530,4.791,42.08,4.823,0.299,0.1784965,4.837,2.618,4.713,"NAN",104.7,9.1,0.173,0.1104,6.911,0.486,7.005
"2012-05-24 14:00:00",531,4.792,42.09,4.821,0.299,0.1784465,4.839,2.617,4.713,"NAN",104.7,9.1,0.174,0.1100772,6.709,0.486,6.954
"2012-05-24 15:00:00",532,4.793,42.1,4.823,0.3,0.1785395,4.776,2.616,4.714,"NAN",104.7,9.1,0.174,0.1112727,7.006,0.485,7.219
"2012-05-24 16:00:00",533,4.794,42.11,4.821,0.299,0.178617,4.827,2.614,4.714,"NAN",104.7,9.1,0.175,0.1126357,7.145,0.484,7.345
"2012-05-24 17:00:00",534,4.792,42.1,4.827,0.3,0.1786147,4.808,2.612,4.715,"NAN",104.7,9.1,0.175,0.1118049,7.018,0.483,7.161
"2012-05-24 18:00:00",535,4.795,42.12,4.823,0.299,0.1783881,4.8,2.611,4.716,"NAN",104.7,9.1,0.175,0.1108895,6.747,0.482,6.836
"2012-05-24 19:00:00",536,4.798,42.15,4.823,0.3,0.1784465,4.768,2.608,4.716,"NAN",104.7,9.1,0.175,0.1101287,6.385,0.481,6.416
"2012-05-24 20:00:00",537,4.791,42.08,4.826,0.299,0.1786115,4.835,2.608,4.717,"NAN",104.7,9.1,0.176,0.1089912,5.996,0.48,6.019
"2012-05-24 21:00:00",538,4.795,42.12,4.826,0.299,0.1785172,4.833,2.606,4.718,"NAN",104.7,9.1,0.176,0.1083308,5.703,0.479,5.721
"2012-05-24 22:00:00",539,4.798,42.15,4.826,0.299,0.1785878,4.834,2.604,4.718,"NAN",104.7,9.1,0.177,0.1076512,5.472,0.477,5.504
"2012-05-24 23:00:00",540,4.794,42.12,4.828,0.3,0.1787085,4.81,2.602,4.719,"NAN",104.7,9.1,0.177,0.107115,5.225,0.478,5.337
"2012-05-25 00:00:00",541,4.794,42.11,4.825,0.299,0.1785878,4.868,2.602,4.719,"NAN",104.7,9.1,0.182,0.1096544,5.129,0.477,5.213
"2012-05-25 01:00:00",542,4.793,42.11,4.828,0.3,0.1786282,4.797,2.6,4.72,"NAN",104.7,9.1,0.178,0.1072809,5.077,0.476,5.13
"2012-05-25 02:00:00",543,4.799,42.15,4.824,0.3,0.1786204,4.797,2.6,4.721,"NAN",104.7,9.1,0.198,0.1185468,4.99,0.475,5.036
"2012-05-25 03:00:00",544,4.799,42.16,4.825,0.3,0.1786445,4.817,2.599,4.721,"NAN",104.7,9.1,0.178,0.1064661,4.904,0.474,4.99
"2012-05-25 04:00:00",545,4.801,42.17,4.826,0.3,0.1786308,4.788,2.598,4.722,"NAN",104.7,9.1,0.179,0.1067193,4.875,0.474,4.942
"2012-05-25 05:00:00",546,4.8,42.17,4.826,0.3,0.1786585,4.803,2.597,4.722,"NAN",104.7,9.1,0.182,0.1085365,4.784,0.473,4.855
"2012-05-25 06:00:00",547,4.799,42.16,4.827,0.299,0.1786585,4.833,2.596,4.723,"NAN",104.7,9.1,0.185,0.1100845,4.775,0.472,4.853
"2012-05-25 07:00:00",548,4.803,42.19,4.827,0.3,0.1785954,4.807,2.595,4.724,"NAN",104.7,9.1,0.183,0.109326,4.846,0.472,4.957
"2012-05-25 08:00:00",549,4.802,42.18,4.824,0.3,0.1787679,4.806,2.593,4.724,"NAN",104.7,9.1,0.182,0.1090378,5.038,0.471,5.17
"2012-05-25 09:00:00",550,4.802,42.19,4.828,0.3,0.1787585,4.842,2.592,4.725,"NAN",104.7,9.1,0.179,0.108121,5.277,0.47,5.432
"2012-05-25 10:00:00",551,4.802,42.18,4.825,0.3,0.1788095,4.823,2.591,4.726,"NAN",104.7,9.1,0.179,0.1105318,5.8,0.47,5.986
"2012-05-25 11:00:00",552,4.803,42.19,4.827,0.3,0.1787403,4.82,2.589,4.726,"NAN",104.7,9.1,0.179,0.1130918,6.583,0.469,6.867
"2012-05-25 12:00:00",553,4.803,42.2,4.83,0.299,0.1787376,4.847,2.589,4.727,"NAN",104.7,9.1,0.178,0.1133012,6.882,0.469,7.142
"2012-05-25 13:00:00",554,4.803,42.19,4.828,0.3,0.1787376,4.818,2.585,4.727,"NAN",104.7,9.1,0.179,0.1145115,7.057,0.468,7.266
"2012-05-25 14:00:00",555,4.803,42.19,4.824,0.3,0.1788581,4.789,2.584,4.728,9.4,90.6,8.05,0.175,0.1162473,8.18,0.498,7.848
