"TOA5","Nyack HA12 CH4","CR1000","43364","CR1000.Std.22","CPU:Nyack_HA12_corrected test.CR1","41265","Table1"
"TIMESTAMP","RECORD","DoConc5","DoSat5","DO_W_T5","Cond5","Ct5","Cond_W_T5","Lvl_m5","Lvl_W_T5"
"TS","RN","mg/L","%","oC","mS/cm","mS/cm","Deg C","meters","deg C"
"","","Smp","Smp","Smp","Smp","Smp","Smp","Smp","Smp"
"2012-04-10 13:20:00",0,"NAN",0,0,"NAN","NAN",-108.9,"NAN",0
"2012-04-10 13:25:00",1,"NAN",0,0,0.276,0.2217933,15.2,"NAN",0
"2012-04-10 13:35:00",2,9.09,100.7,15.04,0.28,0.2213967,14.55,0.25,14.3
"2012-04-10 13:40:00",3,8.97,98.8,14.77,0.28,0.2220139,14.59,0.242,14.34
"2012-04-24 10:10:00",4,8.74,69.62,1.161,0.225,0.1178469,1.174,3.923,1.201
"2012-04-24 10:15:00",5,8.74,69.64,1.158,0.225,0.1178621,1.221,3.945,1.201
"2012-04-24 10:20:00",6,8.74,69.67,1.155,0.225,0.1181003,1.249,3.946,1.198
"2012-04-24 10:25:00",7,8.73,69.58,1.156,0.225,0.1179003,1.199,3.935,1.2
"2012-04-24 10:30:00",8,8.74,69.64,1.166,0.227,0.1192004,1.247,3.917,1.205
"2012-04-24 10:35:00",9,8.72,69.48,1.169,0.225,0.1176416,1.188,3.911,1.207
"2012-04-24 10:40:00",10,8.71,69.42,1.17,0.225,0.1175855,1.187,3.904,1.207
"2012-04-24 10:45:00",11,8.7,69.39,1.175,0.224,0.1175511,1.214,3.903,1.207
"2012-04-24 10:50:00",12,8.71,69.41,1.177,0.225,0.1175542,1.174,3.905,1.207
"2012-04-24 10:55:00",13,8.71,69.42,1.174,0.224,0.1175602,1.201,3.904,1.208
"2012-04-24 11:00:00",14,8.71,69.46,1.174,0.225,0.1175802,1.179,3.902,1.208
"2012-04-24 11:05:00",15,8.71,69.45,1.18,0.225,0.1175684,1.169,3.898,1.208
"2012-04-24 11:10:00",16,8.71,69.44,1.175,0.224,0.1175681,1.197,3.896,1.209
"2012-04-24 11:15:00",17,8.71,69.47,1.174,0.224,0.1175679,1.225,3.897,1.209
"2012-04-24 11:20:00",18,8.72,69.49,1.175,0.224,0.1175238,1.186,3.899,1.209
"2012-04-24 11:25:00",19,8.72,69.49,1.176,0.225,0.1180742,1.205,3.905,1.209
"2012-04-24 11:30:00",20,8.72,69.5,1.18,0.225,0.1180771,1.243,3.91,1.21
"2012-04-24 11:35:00",21,8.72,69.5,1.176,0.225,0.1180795,1.204,3.913,1.21
"2012-04-24 11:40:00",22,8.72,69.53,1.179,0.225,0.1181862,1.212,3.915,1.21
"2012-04-24 11:45:00",23,8.72,69.56,1.179,0.225,0.1179931,1.182,3.916,1.21
"2012-04-24 11:50:00",24,8.72,69.54,1.179,0.225,0.1178737,1.21,3.914,1.211
"2012-04-24 11:55:00",25,8.72,69.54,1.176,0.225,0.1177734,1.228,3.914,1.211
"2012-04-24 12:00:00",26,8.73,69.58,1.183,0.225,0.1180284,1.18,3.915,1.212
"2012-04-24 12:05:00",27,8.73,69.57,1.181,0.225,0.1177759,1.218,3.915,1.212
"2012-04-24 12:10:00",28,8.73,69.57,1.177,0.225,0.1177697,1.199,3.912,1.212
"2012-04-24 12:15:00",29,8.72,69.56,1.18,0.224,0.1176718,1.208,3.911,1.213
"2012-04-24 12:20:00",30,8.73,69.61,1.18,0.225,0.1177852,1.189,3.912,1.213
"2012-04-24 12:25:00",31,8.73,69.62,1.183,0.225,0.1179039,1.227,3.917,1.213
"2012-04-24 12:30:00",32,8.73,69.63,1.18,0.225,0.1176485,1.199,3.917,1.214
"2012-04-24 12:35:00",33,8.73,69.64,1.184,0.225,0.1177383,1.217,3.911,1.214
"2012-04-24 12:40:00",34,8.73,69.64,1.18,0.224,0.1176717,1.227,3.909,1.214
"2012-04-24 12:45:00",35,8.74,69.67,1.182,0.226,0.1185559,1.179,3.906,1.215
"2012-04-24 12:50:00",36,8.73,69.64,1.183,0.227,0.119028,1.198,3.905,1.215
"2012-04-24 12:55:00",37,8.73,69.65,1.184,0.227,0.1191935,1.217,3.905,1.215
"2012-04-24 13:00:00",38,8.74,69.67,1.186,0.23,0.1206307,1.198,3.906,1.215
"2012-04-24 13:05:00",39,8.74,69.66,1.183,0.229,0.1198587,1.199,3.906,1.216
"2012-04-24 13:10:00",40,8.74,69.7,1.181,0.23,0.1205722,1.189,3.909,1.216
"2012-04-24 13:15:00",41,8.74,69.7,1.18,0.232,0.1212577,1.189,3.907,1.216
"2012-04-24 13:20:00",42,8.74,69.71,1.18,0.23,0.1206258,1.207,3.91,1.217
"2012-04-24 13:25:00",43,8.74,69.7,1.184,0.23,0.1206336,1.196,3.912,1.217
"2012-04-24 13:30:00",44,8.74,69.71,1.178,0.231,0.1209751,1.224,3.913,1.217
"2012-04-24 13:35:00",45,8.74,69.72,1.182,0.232,0.1214829,1.176,3.91,1.218
"2012-04-24 13:40:00",46,8.75,69.74,1.179,0.228,0.119594,1.185,3.911,1.218
"2012-04-24 13:45:00",47,8.75,69.73,1.182,0.231,0.1212014,1.194,3.913,1.218
"2012-04-24 13:50:00",48,8.74,69.7,1.184,0.232,0.121704,1.194,3.914,1.218
"2012-04-24 13:55:00",49,8.75,69.74,1.181,0.23,0.1203852,1.183,3.915,1.219
"2012-04-24 14:00:00",50,8.75,69.76,1.185,0.23,0.1207372,1.211,3.916,1.22
"2012-04-24 14:05:00",51,8.75,69.77,1.186,0.232,0.1214291,1.2,3.914,1.219
"2012-04-24 14:10:00",52,8.75,69.8,1.182,0.233,0.1220913,1.2,3.914,1.218
"2012-04-24 14:15:00",53,8.75,69.79,1.183,0.233,0.1219023,1.18,3.916,1.219
"2012-04-24 14:20:00",54,8.75,69.81,1.182,0.233,0.1220126,1.218,3.916,1.219
"2012-04-24 14:25:00",55,8.76,69.8,1.175,0.231,0.1209288,1.198,3.917,1.22
"2012-04-24 14:30:00",56,8.75,69.8,1.181,0.231,0.120984,1.227,3.915,1.22
"2012-04-24 14:35:00",57,8.75,69.81,1.181,0.232,0.1214482,1.217,3.913,1.22
"2012-04-24 14:40:00",58,8.76,69.83,1.183,0.233,0.1219127,1.188,3.913,1.22
"2012-04-24 14:45:00",59,8.75,69.81,1.185,0.236,0.1233635,1.188,3.908,1.219
"2012-04-24 14:50:00",60,8.76,69.83,1.182,0.23,0.1207188,1.198,3.908,1.223
"2012-04-24 14:55:00",61,8.76,69.82,1.177,0.233,0.122134,1.208,3.909,1.222
"2012-04-24 15:00:00",62,8.76,69.83,1.183,0.232,0.1218353,1.208,3.911,1.221
"2012-04-24 15:05:00",63,8.76,69.86,1.184,0.232,0.1218353,1.217,3.909,1.221
"2012-04-24 15:10:00",64,8.76,69.84,1.185,0.234,0.1223997,1.188,3.908,1.222
"2012-04-24 15:15:00",65,8.76,69.87,1.181,0.233,0.1221451,1.198,3.909,1.221
"2012-04-24 15:20:00",66,8.76,69.83,1.18,0.231,0.1212352,1.207,3.913,1.222
"2012-04-24 15:25:00",67,8.76,69.84,1.185,0.231,0.1213429,1.217,3.909,1.223
"2012-04-24 15:30:00",68,8.76,69.87,1.179,0.231,0.1212902,1.207,3.909,1.223
"2012-04-24 15:35:00",69,8.76,69.83,1.18,0.231,0.1212776,1.196,3.911,1.224
"2012-04-24 15:40:00",70,8.76,69.87,1.183,0.231,0.1211098,1.224,3.908,1.223
"2012-04-24 15:45:00",71,8.77,69.89,1.181,0.231,0.1211422,1.204,3.915,1.222
"2012-04-24 15:50:00",72,8.76,69.86,1.184,0.229,0.1201792,1.232,3.916,1.225
"2012-04-24 15:55:00",73,8.76,69.85,1.18,0.229,0.1203132,1.223,3.917,1.225
"2012-04-24 16:00:00",74,8.77,69.89,1.182,0.23,0.1207525,1.203,3.915,1.225
"2012-04-24 16:05:00",75,8.77,69.9,1.185,0.229,0.120023,1.184,3.913,1.227
"2012-04-24 16:10:00",76,8.77,69.92,1.182,0.234,0.1222327,1.174,3.913,1.227
"2012-04-24 16:15:00",77,8.77,69.92,1.173,0.229,0.1200887,1.221,3.916,1.226
"2012-04-24 16:20:00",78,8.77,69.94,1.182,0.234,0.1227306,1.231,3.922,1.225
"2012-04-24 16:25:00",79,8.77,69.91,1.17,0.23,0.120762,1.212,3.926,1.222
"2012-04-24 16:30:00",80,8.77,69.91,1.179,0.23,0.1207841,1.212,3.926,1.224
"2012-04-24 16:35:00",81,8.77,69.9,1.181,0.234,0.1227194,1.212,3.929,1.226
"2012-04-24 16:40:00",82,8.77,69.92,1.18,0.231,0.1208504,1.212,3.929,1.227
"2012-04-24 16:45:00",83,8.77,69.93,1.181,0.231,0.121226,1.212,3.93,1.226
"2012-04-24 16:50:00",84,8.77,69.9,1.185,0.229,0.1201106,1.202,3.93,1.23
"2012-04-24 16:55:00",85,8.77,69.94,1.183,0.229,0.1202983,1.25,3.93,1.231
"2012-04-24 17:00:00",86,8.77,69.92,1.181,0.235,0.1232624,1.221,3.929,1.227
"2012-04-24 17:05:00",87,8.77,69.9,1.181,0.23,0.1205964,1.212,3.932,1.231
"2012-04-24 17:10:00",88,8.77,69.92,1.183,0.231,0.1213144,1.212,3.934,1.231
"2012-04-24 17:15:00",89,8.77,69.93,1.182,0.235,0.1233399,1.221,3.937,1.229
"2012-04-24 17:20:00",90,8.76,69.88,1.205,0.232,0.1216766,1.202,3.942,1.234
"2012-04-24 17:25:00",91,8.76,69.86,1.202,0.232,0.121608,1.222,3.952,1.235
"2012-04-24 17:30:00",92,8.76,69.91,1.197,0.231,0.1211245,1.204,3.948,1.234
"2012-04-24 17:35:00",93,8.76,69.92,1.198,0.234,0.1223984,1.196,3.944,1.235
"2012-04-24 17:40:00",94,8.76,69.9,1.197,0.232,0.1213729,1.207,3.941,1.235
"2012-04-24 17:45:00",95,8.76,69.91,1.198,0.233,0.12212,1.228,3.939,1.235
"2012-04-24 17:50:00",96,8.76,69.92,1.203,0.232,0.1214298,1.21,3.938,1.237
"2012-04-24 17:55:00",97,8.77,69.93,1.202,0.231,0.1210061,1.202,3.938,1.234
"2012-04-24 18:00:00",98,8.77,69.95,1.202,0.236,0.123849,1.223,3.936,1.237
"2012-04-24 18:05:00",99,8.76,69.93,1.206,0.234,0.1225339,1.215,3.935,1.236
"2012-04-24 18:10:00",100,8.77,69.94,1.184,0.234,0.1225953,1.206,3.937,1.238
"2012-04-24 18:15:00",101,8.77,69.93,1.202,0.231,0.1211493,1.226,3.937,1.239
"2012-04-24 18:20:00",102,8.77,69.94,1.198,0.233,0.1220468,1.236,3.938,1.239
"2012-04-24 18:25:00",103,8.76,69.92,1.204,0.23,0.1204598,1.208,3.939,1.239
"2012-04-24 18:30:00",104,8.76,69.92,1.208,0.232,0.1214415,1.218,3.939,1.24
"2012-04-24 18:35:00",105,8.77,69.94,1.208,0.234,0.122842,1.248,3.94,1.241
"2012-04-24 18:40:00",106,8.77,69.94,1.204,0.234,0.1226915,1.239,3.942,1.24
"2012-04-24 18:45:00",107,8.77,69.94,1.199,0.235,0.1229721,1.211,3.943,1.239
"2012-04-24 18:50:00",108,8.77,69.93,1.201,0.234,0.1229647,1.221,3.944,1.24
"2012-04-24 18:55:00",109,8.77,69.95,1.206,0.229,0.1201679,1.27,3.943,1.243
"2012-04-24 19:00:00",110,8.77,69.96,1.208,0.23,0.1205112,1.252,3.944,1.243
"2012-04-24 19:05:00",111,8.77,69.96,1.204,0.229,0.1202133,1.252,3.945,1.244
"2012-04-24 19:10:00",112,8.77,69.95,1.207,0.233,0.1225474,1.253,3.946,1.244
"2012-04-24 19:15:00",113,8.77,69.96,1.208,0.23,0.1204787,1.234,3.947,1.245
"2012-04-24 19:20:00",114,8.77,69.94,1.207,0.235,0.1231904,1.234,3.949,1.244
"2012-04-24 19:25:00",115,8.77,69.95,1.21,0.229,0.1201694,1.234,3.95,1.245
"2012-04-24 19:30:00",116,8.77,69.96,1.21,0.233,0.1220492,1.243,3.951,1.246
"2012-04-24 19:35:00",117,8.77,69.95,1.21,0.228,0.1196064,1.215,3.953,1.247
"2012-04-24 19:40:00",118,8.77,69.95,1.209,0.229,0.1200614,1.234,3.954,1.246
"2012-04-24 19:45:00",119,8.77,69.96,1.21,0.229,0.1203692,1.225,3.955,1.248
"2012-04-24 19:50:00",120,8.77,69.96,1.213,0.229,0.1203246,1.234,3.956,1.248
"2012-04-24 19:55:00",121,8.77,69.98,1.217,0.229,0.1199929,1.234,3.957,1.249
"2012-04-24 20:00:00",122,8.77,69.95,1.212,0.23,0.1209209,1.234,3.959,1.249
"2012-04-24 20:05:00",123,8.77,69.98,1.212,0.233,0.1223552,1.225,3.959,1.25
"2012-04-24 20:10:00",124,8.77,69.97,1.215,0.23,0.1207192,1.235,3.961,1.251
"2012-04-24 20:15:00",125,8.76,69.96,1.218,0.226,0.1184479,1.237,3.961,1.251
"2012-04-24 20:20:00",126,8.77,69.99,1.224,0.227,0.1189274,1.248,3.962,1.251
"2012-04-24 20:25:00",127,8.77,70,1.221,0.226,0.1187334,1.241,3.964,1.252
"2012-04-24 20:30:00",128,8.77,69.98,1.225,0.231,0.1210097,1.232,3.965,1.252
"2012-04-24 20:35:00",129,8.77,69.98,1.224,0.226,0.1185595,1.253,3.966,1.253
"2012-04-24 20:40:00",130,8.77,70,1.226,0.226,0.118648,1.254,3.967,1.254
"2012-04-24 20:45:00",131,8.77,69.98,1.225,0.226,0.1186482,1.245,3.968,1.254
"2012-04-24 20:50:00",132,8.77,69.99,1.225,0.227,0.1191666,1.235,3.969,1.255
"2012-04-24 20:55:00",133,8.77,70.03,1.225,0.225,0.1184058,1.254,3.969,1.255
"2012-04-24 21:00:00",134,8.77,70,1.228,0.225,0.1183176,1.255,3.969,1.256
"2012-04-24 21:05:00",135,8.77,70.01,1.231,0.225,0.1182956,1.235,3.971,1.256
"2012-04-24 21:10:00",136,8.77,70.01,1.227,0.225,0.1183397,1.245,3.972,1.257
"2012-04-24 21:15:00",137,8.77,69.99,1.23,0.225,0.1180614,1.255,3.974,1.257
"2012-04-24 21:20:00",138,8.77,70.03,1.232,0.225,0.1180671,1.246,3.976,1.257
"2012-04-24 21:25:00",139,8.76,69.99,1.234,0.225,0.1180282,1.266,3.977,1.258
"2012-04-24 21:30:00",140,8.77,70.04,1.229,0.225,0.1180189,1.248,3.978,1.259
"2012-04-24 21:35:00",141,8.77,70.04,1.233,0.225,0.11802,1.259,3.977,1.259
"2012-04-24 21:40:00",142,8.77,70.07,1.232,0.225,0.1180425,1.231,3.978,1.26
"2012-04-24 21:45:00",143,8.77,70.02,1.234,0.225,0.1179986,1.26,3.979,1.26
"2012-04-24 21:50:00",144,8.77,70.03,1.237,0.225,0.1180208,1.222,3.981,1.261
"2012-04-24 21:55:00",145,8.77,70.06,1.231,0.225,0.1182081,1.26,3.982,1.261
"2012-04-24 22:00:00",146,8.77,70.04,1.235,0.225,0.1179436,1.231,3.984,1.262
"2012-04-24 22:05:00",147,8.77,70.05,1.229,0.225,0.1179436,1.231,3.984,1.262
"2012-04-24 22:10:00",148,8.78,70.07,1.231,0.225,0.1179436,1.251,3.986,1.262
"2012-04-24 22:15:00",149,8.78,70.07,1.233,0.224,0.1179363,1.289,3.987,1.263
"2012-04-24 22:20:00",150,8.78,70.09,1.236,0.224,0.1179231,1.28,3.986,1.263
"2012-04-24 22:25:00",151,8.77,70.06,1.231,0.224,0.1179157,1.28,3.99,1.264
"2012-04-24 22:30:00",152,8.78,70.11,1.234,0.225,0.1178839,1.251,3.993,1.264
"2012-04-24 22:35:00",153,8.78,70.12,1.231,0.225,0.1178846,1.232,3.995,1.265
"2012-04-24 22:40:00",154,8.78,70.11,1.229,0.225,0.1178805,1.242,3.997,1.265
"2012-04-24 22:45:00",155,8.78,70.11,1.235,0.224,0.1177935,1.242,3.999,1.266
"2012-04-24 22:50:00",156,8.78,70.14,1.231,0.225,0.1178393,1.242,4.001,1.266
"2012-04-24 22:55:00",157,8.77,70.07,1.236,0.224,0.1178359,1.262,4.002,1.266
"2012-04-24 23:00:00",158,8.78,70.14,1.231,0.225,0.1178274,1.234,4.003,1.267
"2012-04-24 23:05:00",159,8.78,70.11,1.233,0.225,0.1178093,1.235,4.005,1.267
"2012-04-24 23:10:00",160,8.78,70.12,1.236,0.224,0.1177996,1.254,4.007,1.268
"2012-04-24 23:15:00",161,8.78,70.13,1.235,0.224,0.1177673,1.245,4.008,1.268
"2012-04-24 23:20:00",162,8.78,70.13,1.232,0.224,0.1177456,1.265,4.01,1.269
"2012-04-24 23:25:00",163,8.79,70.18,1.234,0.224,0.1177458,1.246,4.011,1.269
"2012-04-24 23:30:00",164,8.79,70.17,1.235,0.224,0.1177458,1.246,4.013,1.27
"2012-04-24 23:35:00",165,8.79,70.2,1.23,0.224,0.1177128,1.247,4.014,1.27
"2012-04-24 23:40:00",166,8.79,70.19,1.234,0.224,0.1177018,1.275,4.016,1.271
"2012-04-24 23:45:00",167,8.79,70.19,1.231,0.224,0.1177018,1.256,4.017,1.271
"2012-04-24 23:50:00",168,8.79,70.2,1.234,0.224,0.1176688,1.285,4.019,1.271
"2012-04-24 23:55:00",169,8.79,70.21,1.232,0.224,0.1176578,1.285,4.02,1.272
"2012-04-25 00:00:00",170,8.79,70.22,1.234,0.224,0.1176358,1.266,4.023,1.272
"2012-04-25 00:05:00",171,8.79,70.21,1.236,0.224,0.1176358,1.294,4.023,1.273
"2012-04-25 00:10:00",172,8.79,70.22,1.236,0.224,0.1176137,1.275,4.025,1.273
"2012-04-25 00:15:00",173,8.79,70.23,1.235,0.224,0.1176027,1.256,4.027,1.273
"2012-04-25 00:20:00",174,8.79,70.23,1.235,0.224,0.1175917,1.275,4.028,1.274
"2012-04-25 00:25:00",175,8.8,70.27,1.235,0.224,0.1175807,1.275,4.029,1.274
"2012-04-25 00:30:00",176,8.8,70.25,1.232,0.224,0.1175587,1.256,4.031,1.274
"2012-04-25 00:35:00",177,8.8,70.28,1.237,0.224,0.1175366,1.256,4.032,1.275
"2012-04-25 00:40:00",178,8.8,70.25,1.234,0.224,0.1175256,1.256,4.034,1.275
"2012-04-25 00:45:00",179,8.8,70.28,1.235,0.224,0.1175256,1.266,4.035,1.275
"2012-04-25 00:50:00",180,8.8,70.29,1.237,0.224,0.1175256,1.256,4.037,1.276
"2012-04-25 00:55:00",181,8.8,70.27,1.234,0.224,0.1174816,1.275,4.039,1.276
"2012-04-25 01:00:00",182,8.8,70.29,1.235,0.224,0.1174816,1.247,4.041,1.276
"2012-04-25 01:05:00",183,8.81,70.33,1.234,0.224,0.1174596,1.275,4.042,1.277
"2012-04-25 01:10:00",184,8.81,70.32,1.238,0.224,0.1174625,1.266,4.043,1.277
"2012-04-25 01:15:00",185,8.81,70.33,1.234,0.223,0.1174461,1.285,4.045,1.277
"2012-04-25 01:20:00",186,8.8,70.32,1.241,0.224,0.1174324,1.257,4.046,1.278
"2012-04-25 01:25:00",187,8.81,70.33,1.235,0.224,0.1174208,1.258,4.047,1.278
"2012-04-25 01:30:00",188,8.81,70.34,1.234,0.224,0.1174153,1.267,4.049,1.278
"2012-04-25 01:35:00",189,8.81,70.36,1.237,0.224,0.1173868,1.249,4.051,1.279
"2012-04-25 01:40:00",190,8.81,70.33,1.233,0.224,0.1173911,1.221,4.053,1.279
"2012-04-25 01:45:00",191,8.81,70.36,1.238,0.223,0.1173773,1.289,4.054,1.28
"2012-04-25 01:50:00",192,8.81,70.39,1.237,0.223,0.1173755,1.27,4.056,1.28
"2012-04-25 01:55:00",193,8.81,70.39,1.237,0.223,0.1173652,1.271,4.058,1.28
"2012-04-25 02:00:00",194,8.81,70.37,1.236,0.223,0.1173325,1.281,4.059,1.28
"2012-04-25 02:05:00",195,8.81,70.37,1.245,0.224,0.1173372,1.244,4.06,1.281
"2012-04-25 02:10:00",196,8.81,70.39,1.238,0.223,0.1173436,1.283,4.061,1.281
"2012-04-25 02:15:00",197,8.81,70.38,1.242,0.223,0.1173366,1.274,4.062,1.282
"2012-04-25 02:20:00",198,8.82,70.43,1.236,0.223,0.1173126,1.265,4.063,1.282
"2012-04-25 02:25:00",199,8.82,70.45,1.243,0.223,0.1173044,1.304,4.065,1.282
"2012-04-25 02:30:00",200,8.82,70.44,1.236,0.223,0.1173052,1.266,4.066,1.283
"2012-04-25 02:35:00",201,8.82,70.46,1.245,0.223,0.1172838,1.276,4.067,1.283
"2012-04-25 02:40:00",202,8.82,70.45,1.239,0.223,0.1172731,1.267,4.068,1.283
"2012-04-25 02:45:00",203,8.82,70.45,1.245,0.223,0.1172732,1.277,4.069,1.283
"2012-04-25 02:50:00",204,8.82,70.47,1.247,0.223,0.1172512,1.286,4.07,1.284
"2012-04-25 02:55:00",205,8.82,70.46,1.243,0.223,0.1172512,1.277,4.072,1.284
"2012-04-25 03:00:00",206,8.83,70.5,1.248,0.223,0.1172402,1.267,4.072,1.284
"2012-04-25 03:05:00",207,8.83,70.5,1.241,0.223,0.1172402,1.248,4.073,1.285
"2012-04-25 03:10:00",208,8.82,70.48,1.248,0.223,0.1172181,1.267,4.074,1.285
"2012-04-25 03:15:00",209,8.83,70.52,1.244,0.223,0.1172181,1.296,4.074,1.285
"2012-04-25 03:20:00",210,8.83,70.51,1.248,0.223,0.1172181,1.277,4.076,1.286
"2012-04-25 03:25:00",211,8.83,70.55,1.244,0.223,0.1171961,1.277,4.078,1.286
"2012-04-25 03:30:00",212,8.83,70.52,1.25,0.223,0.1171961,1.287,4.08,1.286
"2012-04-25 03:35:00",213,8.83,70.54,1.244,0.223,0.1171852,1.287,4.082,1.287
"2012-04-25 03:40:00",214,8.83,70.54,1.25,0.223,0.1171742,1.277,4.082,1.287
"2012-04-25 03:45:00",215,8.83,70.55,1.251,0.223,0.1171961,1.287,4.084,1.287
"2012-04-25 03:50:00",216,8.83,70.56,1.249,0.223,0.1171742,1.287,4.084,1.288
"2012-04-25 03:55:00",217,8.83,70.57,1.253,0.223,0.1171852,1.277,4.085,1.288
"2012-04-25 04:00:00",218,8.84,70.6,1.249,0.223,0.1171742,1.248,4.086,1.288
"2012-04-25 04:05:00",219,8.83,70.59,1.255,0.223,0.1171631,1.267,4.087,1.289
"2012-04-25 04:10:00",220,8.83,70.59,1.255,0.223,0.1171631,1.287,4.088,1.289
"2012-04-25 04:15:00",221,8.83,70.58,1.253,0.223,0.1171631,1.267,4.088,1.289
"2012-04-25 04:20:00",222,8.84,70.62,1.258,0.223,0.1171521,1.296,4.089,1.29
"2012-04-25 04:25:00",223,8.84,70.61,1.254,0.223,0.1171521,1.277,4.089,1.29
"2012-04-25 04:30:00",224,8.84,70.61,1.26,0.223,0.1171521,1.296,4.09,1.29
"2012-04-25 04:35:00",225,8.84,70.64,1.253,0.223,0.1171521,1.296,4.091,1.29
"2012-04-25 04:40:00",226,8.84,70.63,1.261,0.223,0.1171521,1.277,4.092,1.291
"2012-04-25 04:45:00",227,8.84,70.67,1.257,0.223,0.1171631,1.277,4.093,1.291
"2012-04-25 04:50:00",228,8.84,70.65,1.259,0.223,0.1171742,1.277,4.094,1.291
"2012-04-25 04:55:00",229,8.84,70.64,1.257,0.223,0.1171631,1.277,4.095,1.291
"2012-04-25 05:00:00",230,8.84,70.64,1.259,0.223,0.1171631,1.296,4.095,1.291
"2012-04-25 05:05:00",231,8.85,70.69,1.254,0.223,0.1171742,1.296,4.096,1.291
"2012-04-25 05:10:00",232,8.85,70.69,1.258,0.223,0.1171742,1.306,4.098,1.291
"2012-04-25 05:15:00",233,8.85,70.69,1.258,0.223,0.1171852,1.277,4.097,1.292
"2012-04-25 05:20:00",234,8.85,70.7,1.258,0.223,0.1171852,1.296,4.098,1.292
"2012-04-25 05:25:00",235,8.84,70.66,1.263,0.223,0.1171961,1.287,4.099,1.292
"2012-04-25 05:30:00",236,8.85,70.7,1.257,0.223,0.1172071,1.258,4.1,1.292
"2012-04-25 05:35:00",237,8.85,70.68,1.26,0.223,0.1172181,1.277,4.1,1.291
"2012-04-25 05:40:00",238,8.85,70.7,1.255,0.223,0.1172181,1.287,4.101,1.291
"2012-04-25 05:45:00",239,8.85,70.69,1.26,0.223,0.1172291,1.277,4.102,1.291
"2012-04-25 05:50:00",240,8.85,70.7,1.256,0.223,0.1172512,1.277,4.102,1.291
"2012-04-25 05:55:00",241,8.85,70.72,1.26,0.223,0.1172732,1.306,4.104,1.291
"2012-04-25 06:00:00",242,8.85,70.73,1.261,0.223,0.1173503,1.267,4.105,1.291
"2012-04-25 06:05:00",243,8.85,70.74,1.258,0.224,0.1176147,1.277,4.105,1.29
"2012-04-25 06:10:00",244,8.85,70.73,1.258,0.224,0.1177469,1.277,4.107,1.29
"2012-04-25 06:15:00",245,8.85,70.72,1.258,0.224,0.1174274,1.267,4.107,1.29
"2012-04-25 06:20:00",246,8.85,70.75,1.258,0.224,0.1174384,1.258,4.106,1.289
"2012-04-25 06:25:00",247,8.86,70.75,1.251,0.227,0.1194125,1.296,4.106,1.289
"2012-04-25 06:30:00",248,8.85,70.75,1.256,0.225,0.1181106,1.248,4.106,1.288
"2012-04-25 06:35:00",249,8.86,70.78,1.25,0.226,0.1188936,1.267,4.106,1.287
"2012-04-25 06:40:00",250,8.86,70.76,1.252,0.229,0.1201195,1.267,4.107,1.287
"2012-04-25 06:45:00",251,8.86,70.8,1.251,0.227,0.1194125,1.277,4.107,1.287
"2012-04-25 06:50:00",252,8.87,70.8,1.238,0.235,0.123432,1.267,4.107,1.286
"2012-04-25 06:55:00",253,8.86,70.8,1.241,0.236,0.1237653,1.277,4.107,1.283
"2012-04-25 07:00:00",254,8.87,70.82,1.235,0.239,0.1255558,1.287,4.107,1.281
"2012-04-25 07:05:00",255,8.87,70.84,1.235,0.237,0.1244876,1.267,4.106,1.279
"2012-04-25 07:10:00",256,8.88,70.87,1.215,0.239,0.1253999,1.239,4.107,1.275
"2012-04-25 07:15:00",257,8.88,70.88,1.207,0.239,0.125734,1.267,4.106,1.274
"2012-04-25 07:20:00",258,8.88,70.86,1.208,0.24,0.1260125,1.248,4.107,1.268
"2012-04-25 07:25:00",259,8.89,70.88,1.184,0.237,0.1244431,1.248,4.106,1.267
"2012-04-25 07:30:00",260,8.89,70.91,1.184,0.239,0.1252775,1.248,4.106,1.263
"2012-04-25 07:35:00",261,8.89,70.9,1.184,0.24,0.1257562,1.239,4.107,1.261
"2012-04-25 07:40:00",262,8.9,70.91,1.168,0.239,0.1256672,1.248,4.108,1.253
"2012-04-25 07:45:00",263,8.89,70.87,1.183,0.237,0.1244876,1.248,4.107,1.261
"2012-04-25 07:50:00",264,8.88,70.85,1.211,0.237,0.1247545,1.296,4.107,1.269
"2012-04-25 07:55:00",265,8.87,70.84,1.22,0.239,0.1253554,1.277,4.108,1.272
"2012-04-25 08:00:00",266,8.88,70.85,1.21,0.237,0.1244209,1.287,4.107,1.272
"2012-04-25 08:05:00",267,8.88,70.83,1.207,0.239,0.1254556,1.277,4.107,1.27
"2012-04-25 08:10:00",268,8.88,70.84,1.204,0.239,0.1255224,1.277,4.107,1.268
"2012-04-25 08:15:00",269,8.88,70.85,1.207,0.237,0.1242875,1.258,4.107,1.271
"2012-04-25 08:20:00",270,8.88,70.85,1.204,0.235,0.1233876,1.277,4.108,1.267
"2012-04-25 08:25:00",271,8.88,70.83,1.205,0.243,0.1275182,1.248,4.108,1.27
"2012-04-25 08:30:00",272,8.88,70.82,1.206,0.241,0.1265475,1.239,4.107,1.269
"2012-04-25 08:35:00",273,8.87,70.81,1.208,0.24,0.1258415,1.258,4.106,1.27
"2012-04-25 08:40:00",274,8.87,70.8,1.211,0.24,0.126081,1.257,4.106,1.27
"2012-04-25 08:45:00",275,8.87,70.78,1.223,0.237,0.1242387,1.257,4.106,1.275
"2012-04-25 08:50:00",276,8.87,70.76,1.21,0.243,0.1278778,1.265,4.105,1.27
"2012-04-25 08:55:00",277,8.87,70.76,1.211,0.244,0.1283219,1.274,4.105,1.268
"2012-04-25 09:00:00",278,8.87,70.77,1.195,0.238,0.1250508,1.282,4.105,1.27
"2012-04-25 09:05:00",279,8.86,70.73,1.21,0.241,0.126449,1.252,4.105,1.269
"2012-04-25 09:10:00",280,8.86,70.71,1.226,0.239,0.1258725,1.28,4.104,1.275
"2012-04-25 09:15:00",281,8.86,70.72,1.215,0.237,0.12451,1.26,4.103,1.273
"2012-04-25 09:20:00",282,8.86,70.71,1.21,0.243,0.1278503,1.268,4.101,1.272
"2012-04-25 09:25:00",283,8.86,70.7,1.208,0.242,0.1268898,1.258,4.1,1.272
"2012-04-25 09:30:00",284,8.86,70.69,1.214,0.244,0.1282512,1.248,4.1,1.269
"2012-04-25 09:35:00",285,8.86,70.67,1.205,0.241,0.1264544,1.266,4.1,1.27
"2012-04-25 09:40:00",286,8.85,70.61,1.224,0.246,0.1291452,1.256,4.099,1.269
"2012-04-25 09:45:00",287,8.85,70.64,1.218,0.243,0.1277706,1.256,4.097,1.272
"2012-04-25 09:50:00",288,8.84,70.62,1.227,0.248,0.1304102,1.247,4.096,1.274
"2012-04-25 09:55:00",289,8.84,70.61,1.23,0.248,0.1302086,1.275,4.095,1.277
"2012-04-25 10:00:00",290,8.85,70.62,1.212,0.243,0.127927,1.285,4.097,1.273
"2012-04-25 10:05:00",291,8.85,70.61,1.208,0.248,0.1304052,1.275,4.096,1.268
"2012-04-25 10:10:00",292,8.84,70.57,1.229,0.242,0.1274245,1.285,4.095,1.271
"2012-04-25 10:15:00",293,8.84,70.58,1.209,0.256,0.1346173,1.245,4.093,1.266
"2012-04-25 10:20:00",294,8.85,70.59,1.205,0.254,0.1333742,1.273,4.093,1.268
"2012-04-25 10:25:00",295,8.85,70.58,1.198,0.263,0.1380883,1.243,4.094,1.262
"2012-04-25 10:30:00",296,8.84,70.53,1.203,0.257,0.1348523,1.252,4.091,1.263
"2012-04-25 10:35:00",297,8.84,70.52,1.204,0.251,0.1318,1.28,4.089,1.265
"2012-04-25 10:40:00",298,8.84,70.51,1.213,0.263,0.1382935,1.259,4.088,1.267
"2012-04-25 10:45:00",299,8.83,70.5,1.208,0.263,0.1380065,1.248,4.086,1.266
"2012-04-25 10:50:00",300,8.83,70.47,1.211,0.262,0.137858,1.286,4.083,1.265
"2012-04-25 10:55:00",301,8.83,70.45,1.207,0.261,0.1370205,1.256,4.081,1.265
"2012-04-25 11:00:00",302,8.83,70.45,1.203,0.264,0.1390116,1.284,4.083,1.266
"2012-04-25 11:05:00",303,8.83,70.41,1.197,0.269,0.1414526,1.283,4.084,1.266
"2012-04-25 11:10:00",304,8.81,70.22,1.187,0.272,0.1431657,1.282,4.085,1.261
"2012-04-25 11:15:00",305,8.81,70.31,1.207,0.267,0.1400186,1.269,4.089,1.262
"2012-04-25 11:20:00",306,8.82,70.38,1.219,0.263,0.1382926,1.286,4.089,1.272
"2012-04-25 11:25:00",307,8.82,70.4,1.2,0.271,0.1423529,1.275,4.089,1.264
"2012-04-25 11:30:00",308,8.82,70.37,1.206,0.267,0.139967,1.236,4.088,1.262
"2012-04-25 11:35:00",309,8.81,70.33,1.208,0.27,0.1420676,1.273,4.088,1.265
"2012-04-25 11:40:00",310,8.81,70.32,1.205,0.275,0.1444463,1.253,4.089,1.267
"2012-04-25 11:45:00",311,8.82,70.33,1.195,0.263,0.1382106,1.253,4.088,1.262
"2012-04-25 11:50:00",312,8.81,70.28,1.204,0.27,0.1420583,1.262,4.087,1.259
"2012-04-25 11:55:00",313,8.81,70.26,1.206,0.271,0.1423546,1.281,4.086,1.261
"2012-04-25 12:00:00",314,8.81,70.28,1.192,0.268,0.1406911,1.279,4.088,1.264
"2012-04-25 12:05:00",315,8.8,70.2,1.207,0.274,0.1439921,1.249,4.087,1.259
"2012-04-25 12:10:00",316,8.8,70.23,1.212,0.28,0.1471702,1.268,4.086,1.261
"2012-04-25 12:15:00",317,8.8,70.23,1.21,0.278,0.14603,1.248,4.086,1.265
"2012-04-25 12:20:00",318,8.8,70.21,1.209,0.285,0.1498997,1.257,4.085,1.265
"2012-04-25 12:25:00",319,8.8,70.2,1.212,0.276,0.1452278,1.314,4.085,1.266
"2012-04-25 12:30:00",320,8.79,70.14,1.212,0.288,0.1514799,1.276,4.081,1.264
"2012-04-25 12:35:00",321,8.78,70.04,1.209,0.278,0.1463479,1.285,4.081,1.263
"2012-04-25 12:40:00",322,8.77,70.02,1.214,0.279,0.1464474,1.237,4.08,1.263
"2012-04-25 12:45:00",323,8.78,70.1,1.208,0.29,0.1523762,1.275,4.078,1.265
"2012-04-25 12:50:00",324,8.79,70.14,1.208,0.282,0.1482679,1.266,4.078,1.269
"2012-04-25 12:55:00",325,8.77,70,1.214,0.286,0.1500823,1.265,4.076,1.263
"2012-04-25 13:00:00",326,8.77,70,1.207,0.29,0.152479,1.245,4.075,1.261
"2012-04-25 13:05:00",327,8.77,70.01,1.205,0.299,0.1570716,1.273,4.075,1.268
"2012-04-25 13:10:00",328,8.74,69.73,1.198,0.284,0.1496196,1.301,4.073,1.265
"2012-04-25 13:15:00",329,8.78,69.98,1.186,0.294,0.1544255,1.3,4.072,1.26
"2012-04-25 13:20:00",330,8.73,69.68,1.205,0.296,0.1556893,1.271,4.072,1.263
"2012-04-25 13:25:00",331,8.75,69.81,1.21,0.293,0.1541958,1.289,4.073,1.266
"2012-04-25 13:30:00",332,8.72,69.56,1.206,0.286,0.1503038,1.259,4.075,1.262
"2012-04-25 13:35:00",333,8.68,69.23,1.204,0.308,0.1619245,1.306,4.072,1.265
"2012-04-25 13:40:00",334,8.73,69.58,1.182,0.286,0.1500666,1.257,4.072,1.255
"2012-04-25 13:45:00",335,8.68,69.24,1.208,0.283,0.1486874,1.256,4.072,1.259
"2012-04-25 13:50:00",336,8.68,69.29,1.205,0.29,0.1522083,1.237,4.07,1.262
"2012-04-25 13:55:00",337,8.61,68.72,1.204,0.284,0.1493413,1.256,4.069,1.261
"2012-04-25 14:00:00",338,8.66,69.06,1.204,0.294,0.1544839,1.246,4.07,1.259
"2012-04-25 14:05:00",339,8.66,69.11,1.201,0.298,0.1566717,1.264,4.068,1.261
"2012-04-25 14:10:00",340,8.69,69.3,1.203,0.298,0.1565569,1.292,4.067,1.263
"2012-04-25 14:15:00",341,8.7,69.38,1.208,0.296,0.1557471,1.272,4.064,1.265
"2012-04-25 14:20:00",342,8.71,69.5,1.201,0.299,0.1568958,1.242,4.067,1.262
"2012-04-25 14:25:00",343,8.66,69.07,1.207,0.302,0.158855,1.261,4.068,1.263
"2012-04-25 14:30:00",344,8.63,68.87,1.194,0.295,0.1551697,1.26,4.069,1.262
"2012-04-25 14:35:00",345,8.69,69.36,1.209,0.293,0.153907,1.289,4.068,1.268
"2012-04-25 14:40:00",346,8.71,69.49,1.207,0.31,0.1626734,1.25,4.067,1.266
"2012-04-25 14:45:00",347,8.7,69.43,1.213,0.3,0.157701,1.279,4.066,1.263
"2012-04-25 14:50:00",348,8.63,68.85,1.206,0.313,0.1644157,1.289,4.065,1.264
"2012-04-25 14:55:00",349,8.6,68.66,1.21,0.292,0.1534483,1.241,4.066,1.264
"2012-04-25 15:00:00",350,8.58,68.47,1.211,0.308,0.1617458,1.251,4.068,1.263
"2012-04-25 15:05:00",351,8.56,68.32,1.207,0.295,0.1549397,1.289,4.066,1.264
"2012-04-25 15:10:00",352,8.57,68.35,1.202,0.314,0.1649973,1.308,4.065,1.265
"2012-04-25 15:15:00",353,8.61,68.72,1.205,0.31,0.1630215,1.289,4.064,1.264
"2012-04-25 15:20:00",354,8.56,68.34,1.211,0.311,0.1633698,1.269,4.06,1.268
"2012-04-25 15:25:00",355,8.51,67.93,1.207,0.298,0.1564341,1.269,4.061,1.267
"2012-04-25 15:30:00",356,8.6,68.62,1.209,0.3,0.1573553,1.26,4.06,1.272
"2012-04-25 15:35:00",357,8.56,68.29,1.207,0.317,0.1669783,1.298,4.061,1.266
"2012-04-25 15:40:00",358,8.58,68.48,1.211,0.307,0.1610509,1.26,4.06,1.266
"2012-04-25 15:45:00",359,8.53,68.06,1.206,0.295,0.1551695,1.279,4.057,1.263
"2012-04-25 15:50:00",360,8.52,67.99,1.208,0.305,0.1601254,1.26,4.054,1.269
"2012-04-25 15:55:00",361,8.55,68.21,1.208,0.31,0.1629055,1.26,4.055,1.268
"2012-04-25 16:00:00",362,8.48,67.7,1.211,0.314,0.1652301,1.307,4.054,1.269
"2012-04-25 16:05:00",363,8.52,68,1.202,0.299,0.1568946,1.269,4.053,1.264
"2012-04-25 16:10:00",364,8.59,68.55,1.198,0.312,0.1638345,1.25,4.053,1.268
"2012-04-25 16:15:00",365,8.6,68.65,1.204,0.313,0.1640669,1.241,4.051,1.267
"2012-04-25 16:20:00",366,8.55,68.2,1.207,0.314,0.1646483,1.25,4.051,1.269
"2012-04-25 16:25:00",367,8.54,68.13,1.205,0.325,0.1706038,1.269,4.05,1.268
"2012-04-25 16:30:00",368,8.5,67.79,1.197,0.322,0.1691983,1.308,4.052,1.27
"2012-04-25 16:35:00",369,8.61,68.72,1.212,0.304,0.1596629,1.279,4.054,1.269
"2012-04-25 16:40:00",370,8.57,68.4,1.207,0.313,0.1644157,1.269,4.054,1.269
"2012-04-25 16:45:00",371,8.6,68.61,1.212,0.3,0.1573553,1.25,4.054,1.269
"2012-04-25 16:50:00",372,8.56,68.27,1.204,0.305,0.1600097,1.241,4.054,1.266
"2012-04-25 16:55:00",373,8.56,68.3,1.21,0.315,0.1656959,1.298,4.054,1.273
"2012-04-25 17:00:00",374,8.59,68.56,1.208,0.327,0.1715422,1.269,4.053,1.27
"2012-04-25 17:05:00",375,8.53,68.04,1.206,0.32,0.1677954,1.241,4.052,1.268
"2012-04-25 17:10:00",376,8.51,67.94,1.206,0.328,0.1724817,1.27,4.052,1.269
"2012-04-25 17:15:00",377,8.6,68.63,1.204,0.322,0.1690846,1.252,4.05,1.27
"2012-04-25 17:20:00",378,8.63,68.86,1.214,0.305,0.1605942,1.31,4.049,1.273
"2012-04-25 17:25:00",379,8.55,68.22,1.221,0.326,0.1710756,1.263,4.048,1.275
"2012-04-25 17:30:00",380,8.49,67.77,1.215,0.32,0.1681472,1.273,4.048,1.271
"2012-04-25 17:35:00",381,8.55,68.24,1.222,0.326,0.1710811,1.255,4.049,1.272
"2012-04-25 17:40:00",382,8.59,68.58,1.213,0.314,0.164684,1.255,4.049,1.272
"2012-04-25 17:45:00",383,8.54,68.13,1.217,0.326,0.1710067,1.246,4.048,1.276
"2012-04-25 17:50:00",384,8.62,68.77,1.214,0.321,0.1685542,1.284,4.048,1.273
"2012-04-25 17:55:00",385,8.57,68.37,1.208,0.318,0.1669233,1.255,4.048,1.273
"2012-04-25 18:00:00",386,8.56,68.32,1.211,0.314,0.1648273,1.284,4.049,1.275
"2012-04-25 18:05:00",387,8.58,68.47,1.205,0.33,0.173725,1.322,4.05,1.276
"2012-04-25 18:10:00",388,8.54,68.18,1.208,0.322,0.1693809,1.274,4.054,1.273
"2012-04-25 18:15:00",389,8.6,68.65,1.208,0.324,0.1704355,1.294,4.055,1.274
"2012-04-25 18:20:00",390,8.56,68.35,1.234,0.312,0.1636655,1.256,4.053,1.27
"2012-04-25 18:25:00",391,8.49,67.72,1.209,0.326,0.171022,1.267,4.053,1.273
"2012-04-25 18:30:00",392,8.39,66.99,1.211,0.324,0.1703184,1.277,4.053,1.276
"2012-04-25 18:35:00",393,8.57,68.37,1.209,0.317,0.166693,1.259,4.053,1.276
"2012-04-25 18:40:00",394,8.6,68.65,1.21,0.318,0.1673934,1.317,4.052,1.276
"2012-04-25 18:45:00",395,8.51,67.93,1.221,0.327,0.1719655,1.261,4.052,1.274
"2012-04-25 18:50:00",396,8.58,68.51,1.214,0.328,0.1723324,1.271,4.052,1.276
"2012-04-25 18:55:00",397,8.51,67.88,1.204,0.307,0.1610229,1.254,4.052,1.269
"2012-04-25 19:00:00",398,8.46,67.5,1.224,0.323,0.1697564,1.284,4.051,1.278
"2012-04-25 19:05:00",399,8.55,68.27,1.222,0.313,0.1644103,1.265,4.051,1.28
"2012-04-25 19:10:00",400,8.57,68.37,1.212,0.315,0.1655829,1.275,4.052,1.278
"2012-04-25 19:15:00",401,8.53,68.1,1.216,0.324,0.1703811,1.257,4.052,1.279
"2012-04-25 19:20:00",402,8.58,68.44,1.207,0.317,0.166523,1.285,4.052,1.276
"2012-04-25 19:25:00",403,8.56,68.32,1.207,0.308,0.1618707,1.247,4.053,1.274
"2012-04-25 19:30:00",404,8.56,68.27,1.21,0.321,0.1688613,1.267,4.054,1.276
"2012-04-25 19:35:00",405,8.58,68.5,1.214,0.312,0.1639615,1.277,4.054,1.278
"2012-04-25 19:40:00",406,8.52,68.02,1.227,0.318,0.1669912,1.287,4.055,1.275
"2012-04-25 19:45:00",407,8.57,68.43,1.221,0.308,0.1618712,1.25,4.055,1.28
"2012-04-25 19:50:00",408,8.57,68.42,1.218,0.321,0.1685106,1.27,4.055,1.28
"2012-04-25 19:55:00",409,8.58,68.45,1.22,0.316,0.1661808,1.261,4.055,1.283
"2012-04-25 20:00:00",410,8.54,68.2,1.227,0.308,0.1618873,1.281,4.055,1.278
"2012-04-25 20:05:00",411,8.57,68.38,1.205,0.318,0.1669981,1.281,4.056,1.279
"2012-04-25 20:10:00",412,8.53,68.1,1.221,0.334,0.1751051,1.243,4.055,1.281
"2012-04-25 20:15:00",413,8.57,68.37,1.209,0.327,0.1721717,1.291,4.055,1.282
"2012-04-25 20:20:00",414,8.57,68.45,1.221,0.324,0.1703104,1.282,4.056,1.281
"2012-04-25 20:25:00",415,8.58,68.47,1.213,0.328,0.1720858,1.272,4.056,1.283
"2012-04-25 20:30:00",416,8.57,68.4,1.22,0.316,0.1658843,1.272,4.057,1.279
"2012-04-25 20:35:00",417,8.53,68.06,1.219,0.33,0.1737412,1.291,4.056,1.28
"2012-04-25 20:40:00",418,8.56,68.33,1.231,0.306,0.1610056,1.292,4.057,1.281
"2012-04-25 20:45:00",419,8.57,68.39,1.225,0.318,0.1669391,1.256,4.057,1.283
"2012-04-25 20:50:00",420,8.57,68.38,1.226,0.314,0.1651894,1.287,4.057,1.281
"2012-04-25 20:55:00",421,8.57,68.4,1.23,0.32,0.1682252,1.27,4.058,1.282
"2012-04-25 21:00:00",422,8.56,68.33,1.217,0.301,0.1582304,1.243,4.059,1.28
"2012-04-25 21:05:00",423,8.56,68.34,1.218,0.305,0.1604272,1.272,4.06,1.282
"2012-04-25 21:10:00",424,8.56,68.32,1.236,0.318,0.1668226,1.244,4.06,1.281
"2012-04-25 21:15:00",425,8.49,67.78,1.223,0.314,0.1649829,1.264,4.06,1.282
"2012-04-25 21:20:00",426,8.55,68.22,1.218,0.305,0.1605871,1.293,4.06,1.284
"2012-04-25 21:25:00",427,8.56,68.29,1.221,0.306,0.1609455,1.302,4.059,1.283
"2012-04-25 21:30:00",428,8.56,68.29,1.216,0.303,0.1592125,1.293,4.061,1.282
"2012-04-25 21:35:00",429,8.55,68.29,1.23,0.305,0.1601404,1.283,4.06,1.283
"2012-04-25 21:40:00",430,8.55,68.29,1.228,0.314,0.1652531,1.283,4.058,1.284
"2012-04-25 21:45:00",431,8.56,68.3,1.217,0.316,0.1661866,1.293,4.059,1.284
"2012-04-25 21:50:00",432,8.55,68.28,1.217,0.318,0.1671211,1.293,4.06,1.284
"2012-04-25 21:55:00",433,8.56,68.34,1.208,0.315,0.1653703,1.264,4.061,1.282
"2012-04-25 22:00:00",434,8.56,68.31,1.221,0.311,0.163391,1.274,4.061,1.285
"2012-04-25 22:05:00",435,8.55,68.25,1.231,0.304,0.1601419,1.302,4.062,1.283
"2012-04-25 22:10:00",436,8.55,68.26,1.232,0.293,0.1540298,1.293,4.063,1.286
"2012-04-25 22:15:00",437,8.54,68.17,1.231,0.315,0.1654869,1.264,4.064,1.283
"2012-04-25 22:20:00",438,8.55,68.29,1.224,0.304,0.1597946,1.284,4.065,1.287
"2012-04-25 22:25:00",439,8.56,68.28,1.205,0.3,0.1578296,1.293,4.066,1.279
"2012-04-25 22:30:00",440,8.55,68.27,1.217,0.316,0.1664203,1.303,4.067,1.285
"2012-04-25 22:35:00",441,8.55,68.24,1.222,0.3,0.1573681,1.255,4.068,1.278
"2012-04-25 22:40:00",442,8.55,68.25,1.207,0.3,0.1578296,1.264,4.069,1.282
"2012-04-25 22:45:00",443,8.55,68.23,1.225,0.3,0.1573681,1.245,4.07,1.283
"2012-04-25 22:50:00",444,8.55,68.25,1.228,0.309,0.162229,1.255,4.071,1.288
"2012-04-25 22:55:00",445,8.55,68.24,1.223,0.306,0.1609528,1.274,4.072,1.285
"2012-04-25 23:00:00",446,8.56,68.27,1.206,0.312,0.1640889,1.303,4.072,1.287
"2012-04-25 23:05:00",447,8.54,68.2,1.224,0.288,0.1513927,1.293,4.073,1.284
"2012-04-25 23:10:00",448,8.55,68.23,1.223,0.316,0.1663035,1.293,4.073,1.285
"2012-04-25 23:15:00",449,8.55,68.23,1.219,0.303,0.1594475,1.284,4.074,1.284
"2012-04-25 23:20:00",450,8.55,68.23,1.214,0.307,0.1613007,1.284,4.075,1.287
"2012-04-25 23:25:00",451,8.55,68.22,1.205,0.311,0.1636235,1.303,4.077,1.285
"2012-04-25 23:30:00",452,8.54,68.14,1.223,0.302,0.1586381,1.284,4.078,1.282
"2012-04-25 23:35:00",453,8.53,68.14,1.233,0.292,0.1534558,1.284,4.077,1.288
"2012-04-25 23:40:00",454,8.54,68.2,1.226,0.29,0.1524235,1.293,4.078,1.283
"2012-04-25 23:45:00",455,8.54,68.18,1.232,0.307,0.1611847,1.255,4.078,1.283
"2012-04-25 23:50:00",456,8.54,68.21,1.226,0.303,0.1591006,1.245,4.078,1.288
"2012-04-25 23:55:00",457,8.54,68.2,1.233,0.301,0.1579452,1.264,4.078,1.284
"2012-04-26 00:00:00",458,8.54,68.2,1.22,0.297,0.1565609,1.322,4.079,1.285
"2012-04-26 00:05:00",459,8.54,68.2,1.22,0.29,0.152309,1.264,4.082,1.286
"2012-04-26 00:10:00",460,8.54,68.19,1.221,0.302,0.1589849,1.283,4.083,1.286
"2012-04-26 00:15:00",461,8.54,68.19,1.236,0.296,0.1554094,1.274,4.085,1.29
"2012-04-26 00:20:00",462,8.54,68.2,1.227,0.305,0.1603735,1.283,4.086,1.29
"2012-04-26 00:25:00",463,8.54,68.2,1.221,0.313,0.1645547,1.293,4.087,1.287
"2012-04-26 00:30:00",464,8.54,68.16,1.218,0.301,0.1584071,1.293,4.087,1.286
"2012-04-26 00:35:00",465,8.54,68.17,1.217,0.303,0.1593318,1.274,4.088,1.283
"2012-04-26 00:40:00",466,8.54,68.18,1.23,0.301,0.1584071,1.302,4.088,1.288
"2012-04-26 00:45:00",467,8.55,68.2,1.211,0.308,0.1617647,1.293,4.089,1.287
"2012-04-26 00:50:00",468,8.55,68.21,1.211,0.31,0.1630422,1.274,4.089,1.287
"2012-04-26 00:55:00",469,8.54,68.19,1.214,0.304,0.1596789,1.284,4.09,1.285
"2012-04-26 01:00:00",470,8.53,68.14,1.237,0.288,0.1513927,1.303,4.091,1.286
"2012-04-26 01:05:00",471,8.54,68.15,1.23,0.29,0.1520797,1.256,4.092,1.284
"2012-04-26 01:10:00",472,8.54,68.17,1.229,0.291,0.1527674,1.285,4.093,1.286
"2012-04-26 01:15:00",473,8.54,68.17,1.22,0.298,0.1565609,1.247,4.092,1.288
"2012-04-26 01:20:00",474,8.54,68.14,1.227,0.302,0.1587537,1.286,4.092,1.286
"2012-04-26 01:25:00",475,8.54,68.16,1.225,0.316,0.1663035,1.296,4.092,1.289
"2012-04-26 01:30:00",476,8.54,68.19,1.212,0.308,0.1617647,1.268,4.095,1.289
"2012-04-26 01:35:00",477,8.53,68.11,1.232,0.303,0.1594475,1.278,4.096,1.285
"2012-04-26 01:40:00",478,8.54,68.17,1.222,0.298,0.1567915,1.288,4.097,1.288
"2012-04-26 01:45:00",479,8.54,68.16,1.221,0.313,0.1645547,1.25,4.097,1.286
"2012-04-26 01:50:00",480,8.54,68.17,1.213,0.286,0.1504776,1.269,4.098,1.285
"2012-04-26 01:55:00",481,8.54,68.12,1.212,0.31,0.1632746,1.298,4.096,1.289
"2012-04-26 02:00:00",482,8.53,68.13,1.232,0.307,0.1613007,1.308,4.099,1.286
"2012-04-26 02:05:00",483,8.54,68.15,1.204,0.318,0.1671211,1.27,4.1,1.289
"2012-04-26 02:10:00",484,8.53,68.11,1.233,0.295,0.1550643,1.289,4.101,1.289
"2012-04-26 02:15:00",485,8.53,68.13,1.232,0.294,0.1547193,1.27,4.1,1.29
"2012-04-26 02:20:00",486,8.54,68.13,1.223,0.304,0.1600261,1.289,4.1,1.289
"2012-04-26 02:25:00",487,8.53,68.12,1.222,0.294,0.1542596,1.279,4.101,1.29
"2012-04-26 02:30:00",488,8.53,68.11,1.23,0.294,0.1547193,1.289,4.1,1.289
"2012-04-26 02:35:00",489,8.53,68.11,1.227,0.319,0.1678225,1.27,4.1,1.289
"2012-04-26 02:40:00",490,8.53,68.12,1.225,0.303,0.1592161,1.28,4.101,1.287
"2012-04-26 02:45:00",491,8.52,68.07,1.235,0.304,0.1596789,1.289,4.102,1.289
"2012-04-26 02:50:00",492,8.52,68.06,1.23,0.303,0.1594475,1.299,4.103,1.287
"2012-04-26 02:55:00",493,8.53,68.09,1.224,0.306,0.1606052,1.271,4.103,1.287
"2012-04-26 03:00:00",494,8.53,68.06,1.224,0.313,0.1643217,1.272,4.103,1.289
"2012-04-26 03:05:00",495,8.53,68.07,1.223,0.313,0.1642146,1.273,4.104,1.29
"2012-04-26 03:10:00",496,8.52,68.05,1.23,0.32,0.1680615,1.283,4.104,1.29
"2012-04-26 03:15:00",497,8.52,68.07,1.235,0.295,0.1550691,1.283,4.104,1.29
"2012-04-26 03:20:00",498,8.52,68.03,1.232,0.309,0.1624674,1.274,4.103,1.288
"2012-04-26 03:25:00",499,8.52,68.03,1.235,0.318,0.1674785,1.303,4.103,1.292
"2012-04-26 03:30:00",500,8.52,68.05,1.225,0.326,0.1714606,1.265,4.103,1.291
"2012-04-26 03:35:00",501,8.52,68.05,1.233,0.32,0.1681803,1.294,4.104,1.292
"2012-04-26 03:40:00",502,8.52,68.02,1.232,0.305,0.1601496,1.275,4.104,1.29
"2012-04-26 03:45:00",503,8.52,68.03,1.232,0.312,0.1641014,1.294,4.105,1.29
"2012-04-26 03:50:00",504,8.52,68.03,1.234,0.323,0.1695922,1.285,4.105,1.293
"2012-04-26 03:55:00",505,8.52,68.04,1.23,0.312,0.1642147,1.294,4.105,1.291
"2012-04-26 04:00:00",506,8.51,67.97,1.237,0.317,0.1665484,1.275,4.105,1.294
"2012-04-26 04:05:00",507,8.51,67.94,1.231,0.308,0.1618023,1.275,4.106,1.292
"2012-04-26 04:10:00",508,8.51,67.99,1.235,0.328,0.1725526,1.275,4.107,1.293
"2012-04-26 04:15:00",509,8.51,67.99,1.234,0.322,0.1690348,1.285,4.107,1.295
"2012-04-26 04:20:00",510,8.52,68,1.234,0.314,0.1648296,1.285,4.107,1.295
"2012-04-26 04:25:00",511,8.51,68,1.235,0.326,0.1711456,1.266,4.104,1.296
"2012-04-26 04:30:00",512,8.52,68.01,1.236,0.317,0.1664566,1.294,4.105,1.297
"2012-04-26 04:35:00",513,8.51,67.99,1.233,0.316,0.1661125,1.294,4.106,1.296
"2012-04-26 04:40:00",514,8.51,67.98,1.232,0.321,0.1688012,1.285,4.106,1.299
"2012-04-26 04:45:00",515,8.51,67.94,1.235,0.321,0.1688009,1.294,4.105,1.296
"2012-04-26 04:50:00",516,8.51,67.93,1.237,0.322,0.1692652,1.304,4.106,1.297
"2012-04-26 04:55:00",517,8.51,67.94,1.235,0.326,0.17114,1.285,4.106,1.296
"2012-04-26 05:00:00",518,8.51,67.92,1.233,0.321,0.1687926,1.266,4.105,1.296
"2012-04-26 05:05:00",519,8.51,67.92,1.235,0.32,0.1684408,1.314,4.106,1.293
"2012-04-26 05:10:00",520,8.5,67.91,1.237,0.323,0.1696166,1.275,4.107,1.297
"2012-04-26 05:15:00",521,8.5,67.89,1.231,0.329,0.1732631,1.323,4.106,1.296
"2012-04-26 05:20:00",522,8.51,67.92,1.232,0.332,0.1744433,1.304,4.105,1.297
"2012-04-26 05:25:00",523,8.5,67.88,1.235,0.328,0.1725594,1.304,4.106,1.298
"2012-04-26 05:30:00",524,8.5,67.89,1.233,0.328,0.1724392,1.275,4.106,1.296
"2012-04-26 05:35:00",525,8.51,67.92,1.231,0.326,0.1712653,1.294,4.106,1.296
"2012-04-26 05:40:00",526,8.5,67.9,1.237,0.324,0.1706722,1.333,4.106,1.299
"2012-04-26 05:45:00",527,8.5,67.9,1.233,0.318,0.1675136,1.323,4.107,1.295
"2012-04-26 05:50:00",528,8.49,67.83,1.238,0.318,0.1669363,1.285,4.106,1.297
"2012-04-26 05:55:00",529,8.5,67.85,1.236,0.315,0.1655323,1.314,4.106,1.299
"2012-04-26 06:00:00",530,8.5,67.88,1.235,0.329,0.1733792,1.323,4.105,1.299
"2012-04-26 06:05:00",531,8.5,67.89,1.232,0.332,0.1746844,1.294,4.104,1.297
"2012-04-26 06:10:00",532,8.49,67.79,1.238,0.316,0.1663491,1.294,4.104,1.297
"2012-04-26 06:15:00",533,8.5,67.84,1.234,0.332,0.1745586,1.304,4.105,1.299
"2012-04-26 06:20:00",534,8.49,67.8,1.237,0.322,0.1691455,1.304,4.105,1.298
"2012-04-26 06:25:00",535,8.48,67.7,1.233,0.34,0.1785825,1.285,4.106,1.302
"2012-04-26 06:30:00",536,8.49,67.8,1.237,0.332,0.1744479,1.304,4.106,1.297
"2012-04-26 06:35:00",537,8.49,67.8,1.232,0.325,0.17115,1.304,4.105,1.298
"2012-04-26 06:40:00",538,8.49,67.78,1.238,0.333,0.1752762,1.314,4.102,1.299
"2012-04-26 06:45:00",539,8.49,67.79,1.233,0.34,0.1785892,1.275,4.102,1.3
"2012-04-26 06:50:00",540,8.48,67.72,1.237,0.323,0.1697358,1.285,4.102,1.3
"2012-04-26 06:55:00",541,8.48,67.75,1.235,0.324,0.170209,1.294,4.102,1.301
"2012-04-26 07:00:00",542,8.47,67.64,1.238,0.324,0.1702061,1.294,4.102,1.303
"2012-04-26 07:05:00",543,8.48,67.72,1.238,0.329,0.1730281,1.294,4.101,1.302
"2012-04-26 07:10:00",544,8.48,67.72,1.237,0.341,0.179176,1.304,4.102,1.301
"2012-04-26 07:15:00",545,8.48,67.71,1.237,0.337,0.1772739,1.285,4.102,1.303
"2012-04-26 07:20:00",546,8.48,67.69,1.236,0.34,0.1785697,1.294,4.102,1.301
"2012-04-26 07:25:00",547,8.48,67.67,1.231,0.339,0.1785689,1.304,4.101,1.299
"2012-04-26 07:30:00",548,8.47,67.64,1.232,0.331,0.1739639,1.266,4.1,1.302
"2012-04-26 07:35:00",549,8.47,67.63,1.234,0.32,0.1682077,1.304,4.099,1.3
"2012-04-26 07:40:00",550,8.47,67.62,1.236,0.336,0.1767874,1.275,4.099,1.3
"2012-04-26 07:45:00",551,8.46,67.55,1.244,0.317,0.1669033,1.285,4.099,1.303
"2012-04-26 07:50:00",552,8.47,67.66,1.243,0.325,0.1712304,1.304,4.1,1.304
"2012-04-26 07:55:00",553,8.47,67.62,1.24,0.328,0.1725189,1.265,4.1,1.305
"2012-04-26 08:00:00",554,8.45,67.48,1.241,0.339,0.1783178,1.275,4.099,1.304
"2012-04-26 08:05:00",555,8.46,67.56,1.242,0.325,0.1711101,1.304,4.098,1.305
"2012-04-26 08:10:00",556,8.46,67.58,1.234,0.344,0.1809199,1.294,4.097,1.304
"2012-04-26 08:15:00",557,8.39,67,1.236,0.338,0.1778344,1.313,4.097,1.3
"2012-04-26 08:20:00",558,8.39,67,1.233,0.335,0.1765291,1.342,4.097,1.304
"2012-04-26 08:25:00",559,8.43,67.35,1.234,0.326,0.1715754,1.303,4.096,1.303
"2012-04-26 08:30:00",560,8.44,67.37,1.238,0.34,0.1787786,1.312,4.097,1.305
"2012-04-26 08:35:00",561,8.45,67.46,1.24,0.335,0.1761725,1.331,4.096,1.308
"2012-04-26 08:40:00",562,8.44,67.42,1.248,0.339,0.1786596,1.312,4.096,1.306
"2012-04-26 08:45:00",563,8.41,67.15,1.235,0.348,0.1831808,1.303,4.096,1.305
"2012-04-26 08:50:00",564,8.44,67.39,1.24,0.337,0.1772374,1.312,4.095,1.306
"2012-04-26 08:55:00",565,8.43,67.38,1.258,0.341,0.179728,1.32,4.095,1.309
"2012-04-26 09:00:00",566,8.42,67.26,1.24,0.342,0.179728,1.281,4.096,1.307
