"TOA5","CR1000_HA07","CR1000","43363","CR1000.Std.22","CPU:Nyack_Met corrected_5_15_12.CR1","34329","Water"
"TIMESTAMP","RECORD","DoConc3","DoSat3","DO_W_T3","Cond3","Ct3","Cond_W_T3","Lvl_m3","Lvl_W_T3"
"TS","RN","mg/L","%","C","mS/cm","mS/cm","Deg C","meters","deg C"
"","","Smp","Smp","Smp","Smp","Smp","Smp","Smp","Smp"
"2012-05-15 12:00:00",0,6.221,53.65,4.547,0.286,0.1691531,4.543,3.544,4.528
"2012-05-15 13:00:00",1,6.227,53.71,4.546,0.286,0.1691153,4.531,3.547,4.528
"2012-05-15 14:00:00",2,6.232,53.75,4.549,0.287,0.1693511,4.512,3.548,4.529
"2012-05-15 15:00:00",3,6.233,53.76,4.55,0.287,0.1693511,4.528,3.548,4.529
"2012-05-15 16:00:00",4,6.235,53.78,4.55,0.287,0.1694529,4.509,3.55,4.529
"2012-05-15 17:00:00",5,6.24,53.82,4.549,0.287,0.1694618,4.508,3.553,4.53
"2012-05-15 18:00:00",6,6.243,53.84,4.546,0.287,0.169469,4.511,3.555,4.53
"2012-05-15 19:00:00",7,6.247,53.88,4.548,0.287,0.1695337,4.523,3.559,4.53
"2012-05-15 20:00:00",8,6.246,53.87,4.551,0.287,0.1695448,4.53,3.562,4.531
"2012-05-15 21:00:00",9,6.248,53.89,4.548,0.287,0.1695246,4.525,3.566,4.531
"2012-05-15 22:00:00",10,6.252,53.92,4.546,0.287,0.1695946,4.534,3.57,4.532
"2012-05-15 23:00:00",11,6.254,53.94,4.547,0.287,0.1695446,4.549,3.574,4.532
"2012-05-16 00:00:00",12,6.255,53.95,4.547,0.287,0.169553,4.522,3.578,4.533
"2012-05-16 01:00:00",13,6.259,53.98,4.549,0.287,0.1696139,4.535,3.582,4.534
"2012-05-16 02:00:00",14,6.257,53.97,4.548,0.287,0.169496,4.519,3.586,4.535
"2012-05-16 03:00:00",15,6.263,54.02,4.549,0.287,0.1696456,4.51,3.593,4.535
"2012-05-16 04:00:00",16,6.261,54.01,4.553,0.287,0.1695623,4.55,3.593,4.536
"2012-05-16 05:00:00",17,6.267,54.05,4.548,0.287,0.1695629,4.505,3.595,4.537
"2012-05-16 06:00:00",18,6.269,54.08,4.553,0.287,0.1695629,4.549,3.597,4.538
"2012-05-16 07:00:00",19,6.268,54.08,4.56,0.287,0.169772,4.555,3.599,4.539
"2012-05-16 08:00:00",20,6.269,54.08,4.555,0.287,0.1696346,4.527,3.601,4.539
"2012-05-16 09:00:00",21,6.272,54.11,4.555,0.287,0.1697703,4.578,3.603,4.54
"2012-05-16 10:00:00",22,6.272,54.11,4.56,0.287,0.1695732,4.549,3.604,4.541
"2012-05-16 11:00:00",23,6.272,54.11,4.559,0.287,0.1697238,4.535,3.604,4.541
"2012-05-16 12:00:00",24,6.276,54.15,4.559,0.287,0.1696538,4.564,3.605,4.542
"2012-05-16 13:00:00",25,6.277,54.16,4.563,0.287,0.1697717,4.572,3.605,4.542
"2012-05-16 14:00:00",26,6.275,54.14,4.564,0.287,0.1697542,4.59,3.606,4.543
"2012-05-16 15:00:00",27,6.277,54.17,4.565,0.287,0.1696203,4.528,3.607,4.543
"2012-05-16 16:00:00",28,6.28,54.18,4.56,0.288,0.1697553,4.522,3.609,4.544
"2012-05-16 17:00:00",29,6.279,54.18,4.564,0.287,0.1696535,4.572,3.611,4.544
"2012-05-16 18:00:00",30,6.28,54.18,4.562,0.287,0.1695355,4.515,3.614,4.545
"2012-05-16 19:00:00",31,6.279,54.19,4.567,0.287,0.1696018,4.55,3.618,4.545
"2012-05-16 20:00:00",32,6.279,54.18,4.564,0.287,0.1696678,4.523,3.621,4.546
"2012-05-16 21:00:00",33,6.285,54.24,4.568,0.287,0.1694928,4.548,3.626,4.546
"2012-05-16 22:00:00",34,6.285,54.24,4.568,0.287,0.1695317,4.536,3.631,4.547
"2012-05-16 23:00:00",35,6.283,54.22,4.569,0.287,0.16936,4.555,3.635,4.548
"2012-05-17 00:00:00",36,6.286,54.25,4.57,0.287,0.1693891,4.538,3.639,4.548
"2012-05-17 01:00:00",37,6.289,54.27,4.569,0.287,0.1694294,4.548,3.643,4.549
"2012-05-17 02:00:00",38,6.288,54.27,4.573,0.287,0.1696659,4.541,3.649,4.55
"2012-05-17 03:00:00",39,6.291,54.3,4.571,0.287,0.1695549,4.58,3.65,4.551
"2012-05-17 04:00:00",40,6.292,54.31,4.574,0.287,0.1695478,4.512,3.653,4.551
"2012-05-17 05:00:00",41,6.293,54.31,4.572,0.287,0.1695478,4.532,3.655,4.552
"2012-05-17 06:00:00",42,6.294,54.32,4.572,0.287,0.1695478,4.551,3.657,4.553
"2012-05-17 07:00:00",43,6.293,54.32,4.575,0.287,0.1694295,4.527,3.66,4.553
"2012-05-17 08:00:00",44,6.296,54.34,4.571,0.287,0.1695606,4.586,3.66,4.554
"2012-05-17 09:00:00",45,6.296,54.33,4.572,0.287,0.1695136,4.536,3.661,4.554
"2012-05-17 10:00:00",46,6.294,54.32,4.575,0.286,0.1694415,4.586,3.662,4.555
"2012-05-17 11:00:00",47,6.296,54.34,4.572,0.287,0.1694327,4.535,3.661,4.555
"2012-05-17 12:00:00",48,6.295,54.33,4.575,0.287,0.1696365,4.598,3.66,4.556
"2012-05-17 13:00:00",49,6.295,54.33,4.573,0.287,0.1696022,4.56,3.66,4.556
"2012-05-17 14:00:00",50,6.298,54.36,4.574,0.287,0.1693662,4.54,3.659,4.556
"2012-05-17 15:00:00",51,6.299,54.36,4.573,0.287,0.1693993,4.531,3.657,4.556
"2012-05-17 16:00:00",52,6.298,54.36,4.573,0.287,0.1695553,4.534,3.655,4.556
"2012-05-17 17:00:00",53,6.301,54.38,4.571,0.287,0.1696557,4.572,3.654,4.556
"2012-05-17 18:00:00",54,6.299,54.37,4.574,0.287,0.1696686,4.552,3.653,4.557
"2012-05-17 19:00:00",55,6.298,54.36,4.576,0.287,0.1696977,4.555,3.651,4.557
"2012-05-17 20:00:00",56,6.299,54.37,4.577,0.287,0.1694981,4.544,3.649,4.557
"2012-05-17 21:00:00",57,6.299,54.36,4.574,0.287,0.1695315,4.536,3.647,4.558
"2012-05-17 22:00:00",58,6.3,54.37,4.576,0.286,0.1694186,4.568,3.646,4.558
"2012-05-17 23:00:00",59,6.3,54.38,4.573,0.287,0.1695684,4.552,3.645,4.558
"2012-05-18 00:00:00",60,6.302,54.4,4.577,0.287,0.1695991,4.567,3.643,4.559
"2012-05-18 01:00:00",61,6.304,54.4,4.572,0.287,0.1696658,4.56,3.642,4.559
"2012-05-18 02:00:00",62,6.303,54.4,4.573,0.287,0.1695476,4.57,3.64,4.559
"2012-05-18 03:00:00",63,6.303,54.41,4.578,0.287,0.1696123,4.571,3.639,4.56
"2012-05-18 04:00:00",64,6.304,54.41,4.577,0.287,0.169496,4.537,3.637,4.56
"2012-05-18 05:00:00",65,6.305,54.43,4.579,0.287,0.169496,4.539,3.635,4.561
"2012-05-18 06:00:00",66,6.307,54.44,4.577,0.287,0.1696143,4.587,3.634,4.561
"2012-05-18 07:00:00",67,6.305,54.43,4.581,0.287,0.1695962,4.546,3.632,4.562
"2012-05-18 08:00:00",68,6.306,54.43,4.58,0.287,0.169666,4.598,3.63,4.562
"2012-05-18 09:00:00",69,6.307,54.45,4.579,0.287,0.1696199,4.587,3.628,4.563
"2012-05-18 10:00:00",70,6.307,54.45,4.582,0.287,0.1696544,4.573,3.625,4.563
"2012-05-18 11:00:00",71,6.307,54.45,4.586,0.287,0.1696535,4.536,3.623,4.564
"2012-05-18 12:00:00",72,6.307,54.44,4.578,0.287,0.169717,4.567,3.621,4.564
"2012-05-18 13:00:00",73,6.306,54.44,4.584,0.287,0.1696605,4.583,3.619,4.565
"2012-05-18 14:00:00",74,6.305,54.44,4.589,0.287,0.1696507,4.565,3.617,4.565
"2012-05-18 15:00:00",75,6.305,54.44,4.59,0.287,0.1697057,4.598,3.613,4.566
"2012-05-18 16:00:00",76,6.308,54.46,4.589,0.287,0.1695875,4.549,3.61,4.566
"2012-05-18 17:00:00",77,6.308,54.46,4.583,0.287,0.1697233,4.562,3.609,4.566
"2012-05-18 18:00:00",78,6.309,54.47,4.586,0.287,0.1695958,4.548,3.607,4.567
"2012-05-18 19:00:00",79,6.306,54.45,4.589,0.287,0.1697668,4.554,3.605,4.567
"2012-05-18 20:00:00",80,6.306,54.45,4.592,0.287,0.1697236,4.547,3.602,4.568
"2012-05-18 21:00:00",81,6.307,54.47,4.593,0.287,0.1696659,4.579,3.6,4.568
"2012-05-18 22:00:00",82,6.307,54.46,4.589,0.287,0.1696137,4.581,3.599,4.568
"2012-05-18 23:00:00",83,6.304,54.44,4.593,0.287,0.1697326,4.567,3.597,4.569
"2012-05-19 00:00:00",84,6.308,54.47,4.594,0.287,0.1696804,4.561,3.599,4.569
"2012-05-19 01:00:00",85,6.306,54.45,4.591,0.287,0.1696812,4.569,3.593,4.57
"2012-05-19 02:00:00",86,6.311,54.5,4.591,0.287,0.1697206,4.565,3.591,4.57
"2012-05-19 03:00:00",87,6.309,54.48,4.595,0.287,0.1697395,4.575,3.59,4.57
"2012-05-19 04:00:00",88,6.311,54.5,4.593,0.287,0.16976,4.58,3.588,4.571
"2012-05-19 05:00:00",89,6.308,54.48,4.599,0.287,0.1697813,4.562,3.586,4.571
"2012-05-19 06:00:00",90,6.308,54.48,4.597,0.287,0.169663,4.543,3.584,4.572
"2012-05-19 07:00:00",91,6.308,54.48,4.595,0.287,0.1697814,4.572,3.584,4.572
"2012-05-19 08:00:00",92,6.31,54.49,4.597,0.287,0.1698354,4.586,3.581,4.573
"2012-05-19 09:00:00",93,6.31,54.49,4.595,0.287,0.1697996,4.584,3.579,4.573
"2012-05-19 10:00:00",94,6.311,54.5,4.597,0.287,0.1699072,4.552,3.577,4.573
"2012-05-19 11:00:00",95,6.311,54.5,4.596,0.287,0.1697857,4.584,3.573,4.574
"2012-05-19 12:00:00",96,6.309,54.48,4.596,0.287,0.1698549,4.594,3.573,4.574
"2012-05-19 13:00:00",97,6.31,54.5,4.599,0.287,0.1699397,4.598,3.571,4.574
"2012-05-19 14:00:00",98,6.315,54.54,4.598,0.287,0.1698411,4.548,3.569,4.575
"2012-05-19 15:00:00",99,6.313,54.52,4.597,0.287,0.169853,4.564,3.568,4.575
"2012-05-19 16:00:00",100,6.314,54.53,4.596,0.287,0.1698523,4.555,3.566,4.576
"2012-05-19 17:00:00",101,6.309,54.49,4.601,0.287,0.1698533,4.58,3.564,4.576
"2012-05-19 18:00:00",102,6.312,54.51,4.597,0.287,0.1699651,4.593,3.562,4.576
"2012-05-19 19:00:00",103,6.313,54.52,4.598,0.287,0.1698706,4.555,3.56,4.577
"2012-05-19 20:00:00",104,6.314,54.53,4.598,0.287,0.1697688,4.574,3.559,4.577
"2012-05-19 21:00:00",105,6.314,54.53,4.598,0.288,0.1699534,4.547,3.557,4.578
"2012-05-19 22:00:00",106,6.311,54.51,4.598,0.287,0.1699024,4.577,3.556,4.578
"2012-05-19 23:00:00",107,6.316,54.54,4.596,0.287,0.1699024,4.56,3.554,4.578
"2012-05-20 00:00:00",108,6.314,54.53,4.598,0.287,0.169844,4.562,3.553,4.579
"2012-05-20 01:00:00",109,6.314,54.53,4.596,0.287,0.1700296,4.571,3.552,4.579
"2012-05-20 02:00:00",110,6.314,54.53,4.601,0.288,0.1699439,4.541,3.55,4.58
"2012-05-20 03:00:00",111,6.313,54.52,4.599,0.287,0.1699516,4.575,3.549,4.58
"2012-05-20 04:00:00",112,6.315,54.54,4.6,0.287,0.1698654,4.55,3.547,4.58
"2012-05-20 05:00:00",113,6.314,54.54,4.603,0.287,0.1700172,4.572,3.546,4.581
"2012-05-20 06:00:00",114,6.316,54.55,4.598,0.288,0.1700182,4.562,3.544,4.581
"2012-05-20 07:00:00",115,6.316,54.55,4.598,0.287,0.1699534,4.557,3.543,4.582
"2012-05-20 08:00:00",116,6.318,54.57,4.605,0.288,0.1701533,4.565,3.541,4.582
"2012-05-20 09:00:00",117,6.317,54.56,4.602,0.288,0.1701415,4.58,3.54,4.582
"2012-05-20 10:00:00",118,6.318,54.57,4.602,0.288,0.1701364,4.564,3.539,4.583
"2012-05-20 11:00:00",119,6.319,54.58,4.602,0.288,0.1702113,4.594,3.538,4.583
"2012-05-20 12:00:00",120,6.318,54.57,4.604,0.287,0.1701451,4.613,3.54,4.584
"2012-05-20 13:00:00",121,6.316,54.55,4.601,0.287,0.1701166,4.591,3.536,4.584
"2012-05-20 14:00:00",122,6.319,54.58,4.603,0.287,0.1700785,4.61,3.533,4.584
"2012-05-20 15:00:00",123,6.319,54.58,4.602,0.288,0.1701927,4.589,3.532,4.585
"2012-05-20 16:00:00",124,6.317,54.57,4.61,0.288,0.1701096,4.576,3.53,4.585
"2012-05-20 17:00:00",125,6.32,54.59,4.608,0.287,0.1701121,4.591,3.529,4.586
"2012-05-20 18:00:00",126,6.32,54.6,4.608,0.288,0.1702592,4.581,3.528,4.586
"2012-05-20 19:00:00",127,6.319,54.59,4.61,0.288,0.1701742,4.576,3.528,4.586
"2012-05-20 20:00:00",128,6.322,54.61,4.606,0.287,0.170208,4.612,3.527,4.587
"2012-05-20 21:00:00",129,6.322,54.6,4.604,0.287,0.1702417,4.613,3.526,4.587
"2012-05-20 22:00:00",130,6.321,54.61,4.612,0.288,0.1701823,4.591,3.525,4.588
"2012-05-20 23:00:00",131,6.32,54.6,4.612,0.288,0.1701903,4.596,3.524,4.588
"2012-05-21 00:00:00",132,6.319,54.59,4.611,0.288,0.1703086,4.577,3.525,4.588
"2012-05-21 01:00:00",133,6.324,54.63,4.609,0.288,0.1701903,4.548,3.525,4.589
"2012-05-21 02:00:00",134,6.324,54.64,4.611,0.288,0.1703139,4.548,3.525,4.589
"2012-05-21 03:00:00",135,6.323,54.64,4.617,0.287,0.1702565,4.627,3.525,4.59
"2012-05-21 04:00:00",136,6.326,54.65,4.611,0.288,0.1702573,4.56,3.525,4.59
"2012-05-21 05:00:00",137,6.323,54.64,4.62,0.287,0.1702616,4.618,3.525,4.591
"2012-05-21 06:00:00",138,6.323,54.64,4.622,0.288,0.1702989,4.609,3.525,4.591
"2012-05-21 07:00:00",139,6.327,54.67,4.615,0.288,0.1702617,4.599,3.524,4.592
"2012-05-21 08:00:00",140,6.327,54.66,4.615,0.287,0.1702574,4.616,3.525,4.592
"2012-05-21 09:00:00",141,6.327,54.67,4.619,0.288,0.1703105,4.587,3.527,4.593
"2012-05-21 10:00:00",142,6.326,54.67,4.619,0.287,0.1703086,4.625,3.529,4.593
"2012-05-21 11:00:00",143,6.327,54.68,4.624,0.288,0.1702428,4.56,3.53,4.594
"2012-05-21 12:00:00",144,6.33,54.69,4.618,0.288,0.1703599,4.603,3.53,4.595
"2012-05-21 13:00:00",145,6.332,54.71,4.619,0.288,0.1703599,4.613,3.532,4.595
"2012-05-21 14:00:00",146,6.332,54.72,4.62,0.288,0.1703288,4.622,3.532,4.596
"2012-05-21 15:00:00",147,6.333,54.73,4.621,0.288,0.1703562,4.603,3.535,4.596
"2012-05-21 16:00:00",148,6.332,54.72,4.622,0.287,0.1702098,4.603,3.537,4.597
"2012-05-21 17:00:00",149,6.33,54.71,4.624,0.288,0.1703263,4.584,3.539,4.597
"2012-05-21 18:00:00",150,6.335,54.74,4.62,0.287,0.1702071,4.622,3.541,4.598
"2012-05-21 19:00:00",151,6.337,54.76,4.619,0.288,0.1703228,4.603,3.543,4.599
"2012-05-21 20:00:00",152,6.337,54.76,4.621,0.288,0.1703596,4.603,3.545,4.599
"2012-05-21 21:00:00",153,6.337,54.77,4.624,0.288,0.1702417,4.565,3.55,4.6
"2012-05-21 22:00:00",154,6.339,54.78,4.625,0.288,0.1702539,4.589,3.554,4.6
"2012-05-21 23:00:00",155,6.34,54.79,4.621,0.288,0.1702565,4.6,3.56,4.601
"2012-05-22 00:00:00",156,6.341,54.8,4.623,0.288,0.170305,4.612,3.568,4.602
"2012-05-22 01:00:00",157,6.342,54.8,4.624,0.288,0.1703086,4.595,3.575,4.603
"2012-05-22 02:00:00",158,6.343,54.82,4.62,0.288,0.1703086,4.558,3.583,4.604
"2012-05-22 03:00:00",159,6.345,54.83,4.622,0.287,0.1701903,4.615,3.591,4.605
"2012-05-22 04:00:00",160,6.345,54.84,4.626,0.288,0.1701903,4.587,3.598,4.606
"2012-05-22 05:00:00",161,6.347,54.86,4.625,0.288,0.1702021,4.587,3.606,4.607
"2012-05-22 06:00:00",162,6.349,54.87,4.625,0.287,0.1701053,4.587,3.612,4.608
"2012-05-22 07:00:00",163,6.348,54.87,4.629,0.287,0.1700796,4.625,3.619,4.609
"2012-05-22 08:00:00",164,6.352,54.9,4.625,0.287,0.1700721,4.615,3.625,4.61
"2012-05-22 09:00:00",165,6.354,54.91,4.623,0.287,0.1700336,4.614,3.629,4.611
"2012-05-22 10:00:00",166,6.353,54.91,4.629,0.287,0.1701235,4.613,3.633,4.613
"2012-05-22 11:00:00",167,6.354,54.93,4.632,0.287,0.1698871,4.594,3.637,4.614
"2012-05-22 12:00:00",168,6.355,54.94,4.632,0.287,0.1699537,4.577,3.641,4.615
"2012-05-22 13:00:00",169,6.355,54.94,4.634,0.287,0.1699538,4.596,3.644,4.616
"2012-05-22 14:00:00",170,6.355,54.94,4.639,0.287,0.1698355,4.606,3.648,4.617
"2012-05-22 15:00:00",171,6.354,54.94,4.64,0.287,0.1698355,4.606,3.651,4.618
"2012-05-22 16:00:00",172,6.356,54.95,4.639,0.287,0.1697801,4.619,3.653,4.619
"2012-05-22 17:00:00",173,6.356,54.95,4.639,0.287,0.1698193,4.596,3.654,4.62
"2012-05-22 18:00:00",174,6.356,54.95,4.641,0.287,0.1698246,4.602,3.655,4.62
"2012-05-22 19:00:00",175,6.355,54.95,4.642,0.287,0.1697377,4.606,3.656,4.621
"2012-05-22 20:00:00",176,6.354,54.95,4.646,0.286,0.1697841,4.637,3.657,4.622
"2012-05-22 21:00:00",177,6.359,54.98,4.644,0.287,0.1697841,4.599,3.657,4.622
"2012-05-22 22:00:00",178,6.358,54.97,4.643,0.287,0.1697057,4.599,3.658,4.623
"2012-05-22 23:00:00",179,6.359,54.99,4.648,0.287,0.1697304,4.618,3.658,4.623
"2012-05-23 00:00:00",180,6.358,54.98,4.644,0.286,0.1696072,4.61,3.657,4.624
"2012-05-23 01:00:00",181,6.358,54.97,4.645,0.286,0.1697326,4.623,3.656,4.624
"2012-05-23 02:00:00",182,6.36,55,4.645,0.287,0.1697326,4.615,3.656,4.624
"2012-05-23 03:00:00",183,6.358,54.98,4.645,0.287,0.1696143,4.587,3.655,4.625
"2012-05-23 04:00:00",184,6.359,54.99,4.649,0.286,0.1696143,4.625,3.653,4.625
"2012-05-23 05:00:00",185,6.359,54.99,4.646,0.287,0.1697326,4.615,3.652,4.625
"2012-05-23 06:00:00",186,6.358,54.98,4.647,0.286,0.1697326,4.625,3.65,4.626
"2012-05-23 07:00:00",187,6.359,54.99,4.645,0.286,0.1697062,4.658,3.651,4.626
"2012-05-23 08:00:00",188,6.357,54.98,4.649,0.286,0.1696701,4.628,3.647,4.626
"2012-05-23 09:00:00",189,6.357,54.97,4.648,0.286,0.169666,4.647,3.645,4.627
"2012-05-23 10:00:00",190,6.358,54.98,4.647,0.286,0.169666,4.656,3.642,4.627
"2012-05-23 11:00:00",191,6.36,55,4.648,0.286,0.1695129,4.596,3.64,4.627
"2012-05-23 12:00:00",192,6.361,55.01,4.648,0.286,0.1695992,4.616,3.639,4.628
"2012-05-23 13:00:00",193,6.361,55.01,4.65,0.287,0.1697174,4.615,3.636,4.628
"2012-05-23 14:00:00",194,6.36,55,4.648,0.287,0.1696642,4.6,3.634,4.628
"2012-05-23 15:00:00",195,6.363,55.02,4.647,0.287,0.1697173,4.606,3.632,4.629
"2012-05-23 16:00:00",196,6.363,55.02,4.647,0.286,0.1695991,4.635,3.63,4.629
"2012-05-23 17:00:00",197,6.358,54.99,4.649,0.287,0.1696913,4.613,3.629,4.63
"2012-05-23 18:00:00",198,6.361,55.01,4.648,0.286,0.169826,4.65,3.627,4.63
"2012-05-23 19:00:00",199,6.361,55,4.645,0.286,0.1697173,4.625,3.624,4.63
"2012-05-23 20:00:00",200,6.364,55.04,4.649,0.287,0.169784,4.599,3.623,4.631
"2012-05-23 21:00:00",201,6.362,55.02,4.648,0.286,0.1696659,4.647,3.621,4.631
"2012-05-23 22:00:00",202,6.361,55.02,4.651,0.286,0.1696915,4.638,3.619,4.632
"2012-05-23 23:00:00",203,6.362,55.02,4.65,0.286,0.1695758,4.618,3.617,4.632
"2012-05-24 00:00:00",204,6.365,55.04,4.648,0.286,0.1695831,4.638,3.615,4.633
"2012-05-24 01:00:00",205,6.362,55.02,4.649,0.286,0.1696998,4.657,3.615,4.633
"2012-05-24 02:00:00",206,6.363,55.02,4.648,0.287,0.1697,4.599,3.612,4.633
"2012-05-24 03:00:00",207,6.363,55.03,4.651,0.286,0.1697006,4.647,3.609,4.634
"2012-05-24 04:00:00",208,6.361,55,4.648,0.286,0.1695968,4.638,3.607,4.634
"2012-05-24 05:00:00",209,6.363,55.03,4.653,0.286,0.1695985,4.629,3.605,4.635
"2012-05-24 06:00:00",210,6.361,55.01,4.649,0.286,0.1694899,4.64,3.603,4.635
"2012-05-24 07:00:00",211,6.363,55.03,4.652,0.299,0.1773281,4.658,3.602,4.636
"2012-05-24 08:00:00",212,6.362,55.02,4.65,0.286,0.1697038,4.647,3.601,4.636
"2012-05-24 09:00:00",213,6.363,55.03,4.65,0.286,0.1696719,4.618,3.599,4.637
"2012-05-24 10:00:00",214,6.364,55.03,4.648,0.286,0.1695478,4.638,3.598,4.637
"2012-05-24 11:00:00",215,6.362,55.03,4.654,0.286,0.1695478,4.647,3.597,4.637
"2012-05-24 12:00:00",216,6.359,55.01,4.656,0.286,0.1696044,4.626,3.595,4.638
"2012-05-24 13:00:00",217,6.361,55.02,4.652,0.286,0.1696624,4.611,3.593,4.638
"2012-05-24 14:00:00",218,6.364,55.04,4.65,0.286,0.1697173,4.635,3.591,4.639
"2012-05-24 15:00:00",219,6.365,55.05,4.653,0.287,0.1698355,4.635,3.589,4.639
"2012-05-24 16:00:00",220,6.362,55.03,4.656,0.286,0.1696508,4.624,3.586,4.64
"2012-05-24 17:00:00",221,6.361,55.03,4.659,0.286,0.1697689,4.661,3.585,4.64
"2012-05-24 18:00:00",222,6.361,55.02,4.654,0.286,0.1695453,4.627,3.583,4.641
"2012-05-24 19:00:00",223,6.363,55.03,4.654,0.286,0.1695991,4.615,3.58,4.641
"2012-05-24 20:00:00",224,6.362,55.04,4.663,0.286,0.1696508,4.673,3.578,4.641
"2012-05-24 21:00:00",225,6.364,55.05,4.663,0.286,0.1696659,4.626,3.575,4.642
"2012-05-24 22:00:00",226,6.363,55.04,4.66,0.286,0.1695476,4.628,3.573,4.642
"2012-05-24 23:00:00",227,6.361,55.02,4.661,0.286,0.1696659,4.618,3.574,4.643
"2012-05-25 00:00:00",228,6.361,55.03,4.663,0.286,0.1697255,4.666,3.569,4.643
"2012-05-25 01:00:00",229,6.358,55.02,4.669,0.287,0.1697326,4.614,3.57,4.643
"2012-05-25 02:00:00",230,6.359,55.01,4.665,0.286,0.1697326,4.663,3.566,4.644
"2012-05-25 03:00:00",231,6.359,55.02,4.667,0.286,0.1696143,4.673,3.565,4.644
"2012-05-25 04:00:00",232,6.363,55.05,4.668,0.286,0.1696143,4.615,3.563,4.645
"2012-05-25 05:00:00",233,6.36,55.03,4.666,0.286,0.1697643,4.636,3.561,4.645
"2012-05-25 06:00:00",234,6.36,55.02,4.666,0.287,0.1697989,4.627,3.559,4.645
"2012-05-25 07:00:00",235,6.361,55.04,4.669,0.286,0.1697329,4.664,3.557,4.646
"2012-05-25 08:00:00",236,6.36,55.03,4.667,0.286,0.1696664,4.657,3.556,4.646
"2012-05-25 09:00:00",237,6.359,55.02,4.671,0.286,0.169666,4.616,3.554,4.647
"2012-05-25 10:00:00",238,6.362,55.05,4.669,0.286,0.1696077,4.673,3.552,4.647
"2012-05-25 11:00:00",239,6.359,55.02,4.671,0.286,0.169714,4.663,3.55,4.648
"2012-05-25 12:00:00",240,6.361,55.04,4.674,0.287,0.1697801,4.629,3.55,4.648
"2012-05-25 13:00:00",241,6.36,55.03,4.67,0.286,0.1696574,4.665,3.546,4.648
"2012-05-25 14:00:00",242,6.362,55.06,4.674,0.286,0.1696577,4.648,3.545,4.649
"2012-05-25 15:00:00",243,6.361,55.04,4.671,0.286,0.1697826,4.658,3.543,4.649
"2012-05-25 16:00:00",244,6.362,55.05,4.673,0.286,0.1697738,4.686,3.541,4.65
"2012-05-25 17:00:00",245,6.365,55.07,4.672,0.286,0.1697071,4.66,3.539,4.65
"2012-05-25 18:00:00",246,6.362,55.05,4.672,0.286,0.1698279,4.651,3.538,4.651
"2012-05-25 19:00:00",247,6.364,55.07,4.673,0.286,0.1695991,4.663,3.537,4.651
"2012-05-25 20:00:00",248,6.362,55.05,4.671,0.286,0.1697173,4.644,3.535,4.651
"2012-05-25 21:00:00",249,6.364,55.07,4.673,0.287,0.1699024,4.612,3.535,4.652
"2012-05-25 22:00:00",250,6.365,55.08,4.673,0.287,0.1697841,4.607,3.532,4.652
"2012-05-25 23:00:00",251,6.362,55.06,4.673,0.286,0.1697841,4.676,3.531,4.653
"2012-05-26 00:00:00",252,6.364,55.07,4.673,0.286,0.1697841,4.657,3.529,4.653
"2012-05-26 01:00:00",253,6.365,55.08,4.672,0.287,0.1697841,4.628,3.531,4.653
"2012-05-26 02:00:00",254,6.365,55.08,4.673,0.286,0.1699068,4.657,3.526,4.654
"2012-05-26 03:00:00",255,6.365,55.08,4.674,0.286,0.1699031,4.666,3.525,4.654
"2012-05-26 04:00:00",256,6.367,55.09,4.674,0.286,0.1698208,4.638,3.523,4.655
"2012-05-26 05:00:00",257,6.366,55.09,4.678,0.286,0.1698216,4.666,3.523,4.655
"2012-05-26 06:00:00",258,6.368,55.1,4.67,0.286,0.1698125,4.666,3.522,4.655
"2012-05-26 07:00:00",259,6.368,55.11,4.673,0.287,0.1697843,4.628,3.52,4.656
"2012-05-26 08:00:00",260,6.366,55.09,4.673,0.287,0.1699025,4.651,3.518,4.656
"2012-05-26 09:00:00",261,6.368,55.11,4.675,0.286,0.1698369,4.683,3.517,4.657
"2012-05-26 10:00:00",262,6.37,55.12,4.674,0.287,0.1698357,4.635,3.515,4.657
"2012-05-26 11:00:00",263,6.368,55.1,4.673,0.287,0.1699539,4.644,3.515,4.658
"2012-05-26 12:00:00",264,6.37,55.12,4.676,0.287,0.1699539,4.634,3.512,4.658
"2012-05-26 13:00:00",265,6.37,55.12,4.672,0.287,0.1698986,4.649,3.511,4.658
"2012-05-26 14:00:00",266,6.372,55.14,4.673,0.287,0.1698871,4.623,3.51,4.659
"2012-05-26 15:00:00",267,6.372,55.13,4.673,0.287,0.1698937,4.645,3.51,4.659
"2012-05-26 16:00:00",268,6.374,55.16,4.675,0.286,0.1699029,4.658,3.508,4.66
"2012-05-26 17:00:00",269,6.374,55.16,4.676,0.287,0.1700537,4.622,3.506,4.66
"2012-05-26 18:00:00",270,6.373,55.16,4.681,0.286,0.170072,4.692,3.505,4.661
"2012-05-26 19:00:00",271,6.373,55.15,4.678,0.287,0.1699538,4.644,3.504,4.661
"2012-05-26 20:00:00",272,6.37,55.13,4.679,0.287,0.1699538,4.644,3.503,4.661
"2012-05-26 21:00:00",273,6.373,55.16,4.68,0.287,0.17001,4.615,3.502,4.662
"2012-05-26 22:00:00",274,6.372,55.15,4.678,0.287,0.1699024,4.646,3.501,4.662
"2012-05-26 23:00:00",275,6.374,55.16,4.68,0.287,0.1701389,4.645,3.5,4.663
"2012-05-27 00:00:00",276,6.375,55.18,4.68,0.287,0.1701389,4.647,3.498,4.663
"2012-05-27 01:00:00",277,6.375,55.18,4.686,0.286,0.1700206,4.676,3.498,4.664
"2012-05-27 02:00:00",278,6.375,55.18,4.689,0.287,0.1700493,4.666,3.496,4.664
"2012-05-27 03:00:00",279,6.376,55.18,4.68,0.287,0.1699361,4.628,3.495,4.664
"2012-05-27 04:00:00",280,6.375,55.19,4.689,0.286,0.1700773,4.695,3.495,4.665
"2012-05-27 05:00:00",281,6.376,55.2,4.69,0.287,0.1702059,4.682,3.494,4.665
"2012-05-27 06:00:00",282,6.38,55.22,4.684,0.287,0.1700875,4.673,3.492,4.666
"2012-05-27 07:00:00",283,6.379,55.22,4.687,0.287,0.1700875,4.663,3.491,4.666
"2012-05-27 08:00:00",284,6.379,55.22,4.689,0.287,0.1700771,4.669,3.49,4.667
"2012-05-27 09:00:00",285,6.382,55.24,4.686,0.287,0.1701733,4.657,3.49,4.667
"2012-05-27 10:00:00",286,6.381,55.23,4.685,0.287,0.1701399,4.676,3.489,4.668
"2012-05-27 11:00:00",287,6.38,55.23,4.691,0.287,0.1701391,4.676,3.488,4.668
"2012-05-27 12:00:00",288,6.379,55.23,4.695,0.287,0.1701391,4.67,3.487,4.669
"2012-05-27 13:00:00",289,6.383,55.26,4.692,0.287,0.1701946,4.673,3.483,4.669
"2012-05-27 14:00:00",290,6.384,55.27,4.692,0.287,0.1703086,4.654,3.484,4.669
"2012-05-27 15:00:00",291,6.382,55.26,4.694,0.287,0.1700721,4.654,3.483,4.67
"2012-05-27 16:00:00",292,6.383,55.27,4.695,0.286,0.1701095,4.693,3.482,4.67
"2012-05-27 17:00:00",293,6.383,55.27,4.697,0.287,0.1702573,4.638,3.481,4.671
"2012-05-27 18:00:00",294,6.387,55.3,4.696,0.287,0.1702573,4.666,3.48,4.671
"2012-05-27 19:00:00",295,6.388,55.31,4.694,0.287,0.1702573,4.705,3.479,4.672
"2012-05-27 20:00:00",296,6.383,55.27,4.699,0.287,0.1701389,4.657,3.479,4.672
"2012-05-27 21:00:00",297,6.386,55.3,4.7,0.287,0.1701616,4.666,3.479,4.673
"2012-05-27 22:00:00",298,6.386,55.3,4.701,0.287,0.1702054,4.639,3.478,4.673
"2012-05-27 23:00:00",299,6.39,55.34,4.699,0.287,0.1702059,4.703,3.479,4.673
"2012-05-28 00:00:00",300,6.391,55.34,4.7,0.287,0.1702059,4.683,3.479,4.674
"2012-05-28 01:00:00",301,6.393,55.35,4.695,0.287,0.1702059,4.682,3.476,4.674
"2012-05-28 02:00:00",302,6.39,55.33,4.699,0.287,0.1703243,4.682,3.478,4.675
"2012-05-28 03:00:00",303,6.393,55.35,4.699,0.287,0.1702059,4.644,3.474,4.675
"2012-05-28 04:00:00",304,6.395,55.37,4.697,0.287,0.1702059,4.654,3.476,4.676
"2012-05-28 05:00:00",305,6.395,55.37,4.698,0.287,0.1702059,4.653,3.473,4.676
"2012-05-28 06:00:00",306,6.395,55.38,4.698,0.287,0.1702059,4.692,3.472,4.677
"2012-05-28 07:00:00",307,6.396,55.38,4.701,0.287,0.1702059,4.673,3.471,4.677
"2012-05-28 08:00:00",308,6.397,55.4,4.702,0.287,0.1704159,4.658,3.47,4.678
"2012-05-28 09:00:00",309,6.398,55.4,4.699,0.287,0.1703759,4.686,3.469,4.678
"2012-05-28 10:00:00",310,6.401,55.43,4.699,0.287,0.1703758,4.69,3.469,4.679
"2012-05-28 11:00:00",311,6.399,55.41,4.699,0.287,0.1704274,4.664,3.467,4.679
"2012-05-28 12:00:00",312,6.403,55.44,4.694,0.287,0.1702927,4.69,3.467,4.679
"2012-05-28 13:00:00",313,6.403,55.45,4.7,0.287,0.1703694,4.639,3.465,4.68
"2012-05-28 14:00:00",314,6.404,55.45,4.699,0.287,0.1702417,4.661,3.465,4.68
"2012-05-28 15:00:00",315,6.405,55.46,4.7,0.287,0.170439,4.697,3.464,4.681
"2012-05-28 16:00:00",316,6.405,55.46,4.698,0.287,0.1704113,4.664,3.463,4.681
"2012-05-28 17:00:00",317,6.407,55.48,4.7,0.287,0.1704155,4.654,3.462,4.682
"2012-05-28 18:00:00",318,6.405,55.47,4.706,0.287,0.1704113,4.692,3.461,4.682
"2012-05-28 19:00:00",319,6.408,55.49,4.703,0.287,0.1703118,4.676,3.461,4.683
"2012-05-28 20:00:00",320,6.409,55.5,4.702,0.287,0.1703598,4.642,3.46,4.683
"2012-05-28 21:00:00",321,6.407,55.49,4.706,0.287,0.1703372,4.702,3.459,4.684
"2012-05-28 22:00:00",322,6.41,55.52,4.71,0.287,0.170494,4.685,3.459,4.684
"2012-05-28 23:00:00",323,6.408,55.51,4.712,0.287,0.1703756,4.676,3.46,4.684
"2012-05-29 00:00:00",324,6.411,55.53,4.707,0.287,0.1704419,4.667,3.458,4.685
"2012-05-29 01:00:00",325,6.411,55.53,4.712,0.287,0.1703243,4.663,3.458,4.685
"2012-05-29 02:00:00",326,6.412,55.54,4.714,0.287,0.1703853,4.694,3.457,4.686
"2012-05-29 03:00:00",327,6.414,55.55,4.707,0.287,0.1705098,4.679,3.457,4.686
"2012-05-29 04:00:00",328,6.415,55.56,4.708,0.287,0.1703914,4.713,3.456,4.687
"2012-05-29 05:00:00",329,6.416,55.58,4.714,0.287,0.170273,4.666,3.457,4.687
"2012-05-29 06:00:00",330,6.415,55.56,4.712,0.287,0.1705098,4.698,3.455,4.688
"2012-05-29 07:00:00",331,6.415,55.57,4.712,0.287,0.1704454,4.705,3.455,4.688
"2012-05-29 08:00:00",332,6.418,55.61,4.719,0.287,0.1705289,4.707,3.454,4.689
"2012-05-29 09:00:00",333,6.42,55.61,4.715,0.287,0.1704943,4.695,3.454,4.689
"2012-05-29 10:00:00",334,6.42,55.61,4.713,0.287,0.1706125,4.686,3.458,4.69
"2012-05-29 11:00:00",335,6.42,55.62,4.719,0.287,0.1704941,4.686,3.459,4.69
"2012-05-29 12:00:00",336,6.419,55.62,4.722,0.287,0.1704281,4.693,3.459,4.691
"2012-05-29 13:00:00",337,6.424,55.65,4.719,0.287,0.1704801,4.695,3.459,4.691
"2012-05-29 14:00:00",338,6.427,55.68,4.717,0.287,0.1705711,4.728,3.457,4.692
"2012-05-29 15:00:00",339,6.426,55.67,4.717,0.287,0.1705672,4.708,3.457,4.692
"2012-05-29 16:00:00",340,6.424,55.66,4.722,0.287,0.1704782,4.709,3.456,4.693
"2012-05-29 17:00:00",341,6.427,55.68,4.719,0.287,0.1705632,4.699,3.455,4.693
"2012-05-29 18:00:00",342,6.428,55.69,4.719,0.287,0.1704447,4.667,3.454,4.694
"2012-05-29 19:00:00",343,6.427,55.69,4.722,0.287,0.1704734,4.709,3.454,4.694
"2012-05-29 20:00:00",344,6.428,55.69,4.721,0.287,0.1704782,4.671,3.454,4.695
"2012-05-29 21:00:00",345,6.432,55.73,4.723,0.287,0.170557,4.692,3.453,4.695
"2012-05-29 22:00:00",346,6.43,55.71,4.724,0.287,0.170494,4.704,3.453,4.696
"2012-05-29 23:00:00",347,6.434,55.75,4.723,0.287,0.1704427,4.691,3.453,4.696
"2012-05-30 00:00:00",348,6.432,55.74,4.724,0.287,0.170561,4.712,3.453,4.697
"2012-05-30 01:00:00",349,6.433,55.74,4.724,0.287,0.1704427,4.733,3.456,4.697
"2012-05-30 02:00:00",350,6.436,55.77,4.722,0.287,0.1704445,4.694,3.453,4.698
"2012-05-30 03:00:00",351,6.437,55.77,4.723,0.287,0.1704428,4.656,3.452,4.698
"2012-05-30 04:00:00",352,6.436,55.77,4.725,0.287,0.1705891,4.695,3.452,4.699
"2012-05-30 05:00:00",353,6.442,55.82,4.724,0.287,0.1704718,4.703,3.452,4.699
"2012-05-30 06:00:00",354,6.44,55.8,4.721,0.287,0.1704429,4.704,3.452,4.7
"2012-05-30 07:00:00",355,6.44,55.8,4.722,0.287,0.1705612,4.721,3.452,4.7
"2012-05-30 08:00:00",356,6.442,55.82,4.724,0.287,0.1706141,4.724,3.452,4.701
"2012-05-30 09:00:00",357,6.442,55.81,4.723,0.287,0.1705461,4.683,3.451,4.701
"2012-05-30 10:00:00",358,6.444,55.84,4.724,0.287,0.1705453,4.711,3.451,4.702
"2012-05-30 11:00:00",359,6.447,55.86,4.723,0.287,0.1704797,4.704,3.451,4.702
"2012-05-30 12:00:00",360,6.446,55.86,4.724,0.287,0.1707149,4.699,3.451,4.703
"2012-05-30 13:00:00",361,6.45,55.88,4.722,0.287,0.170554,4.728,3.45,4.703
"2012-05-30 14:00:00",362,6.449,55.88,4.725,0.287,0.1704281,4.692,3.449,4.704
"2012-05-30 15:00:00",363,6.449,55.88,4.724,0.287,0.1705297,4.722,3.449,4.704
"2012-05-30 16:00:00",364,6.454,55.92,4.722,0.287,0.1705295,4.702,3.449,4.705
"2012-05-30 17:00:00",365,6.453,55.91,4.723,0.287,0.1705616,4.685,3.449,4.705
"2012-05-30 18:00:00",366,6.455,55.93,4.723,0.287,0.1705624,4.68,3.449,4.706
"2012-05-30 19:00:00",367,6.452,55.91,4.724,0.287,0.1704445,4.709,3.448,4.706
"2012-05-30 20:00:00",368,6.458,55.95,4.723,0.287,0.170478,4.69,3.449,4.707
"2012-05-30 21:00:00",369,6.458,55.95,4.724,0.287,0.1704821,4.692,3.449,4.707
"2012-05-30 22:00:00",370,6.458,55.95,4.723,0.287,0.17057,4.712,3.449,4.708
"2012-05-30 23:00:00",371,6.459,55.97,4.723,0.287,0.1706123,4.704,3.449,4.708
"2012-05-31 00:00:00",372,6.461,55.98,4.723,0.287,0.1704425,4.69,3.448,4.709
"2012-05-31 01:00:00",373,6.461,55.99,4.727,0.287,0.1706028,4.702,3.449,4.709
"2012-05-31 02:00:00",374,6.459,55.97,4.728,0.287,0.1706238,4.717,3.45,4.71
"2012-05-31 03:00:00",375,6.463,56,4.724,0.287,0.1705098,4.688,3.45,4.71
"2012-05-31 04:00:00",376,6.461,55.99,4.728,0.287,0.1703914,4.723,3.45,4.711
"2012-05-31 05:00:00",377,6.463,56.01,4.73,0.287,0.1705142,4.714,3.45,4.711
"2012-05-31 06:00:00",378,6.467,56.04,4.725,0.287,0.1705099,4.714,3.45,4.712
"2012-05-31 07:00:00",379,6.466,56.04,4.733,0.287,0.1706037,4.746,3.45,4.712
"2012-05-31 08:00:00",380,6.468,56.05,4.733,0.287,0.1705545,4.72,3.45,4.713
"2012-05-31 09:00:00",381,6.469,56.06,4.728,0.287,0.1704948,4.705,3.45,4.713
"2012-05-31 10:00:00",382,6.47,56.07,4.73,0.287,0.1706125,4.737,3.451,4.714
"2012-05-31 11:00:00",383,6.469,56.07,4.732,0.287,0.1705488,4.741,3.451,4.714
"2012-05-31 12:00:00",384,6.469,56.08,4.737,0.287,0.1705453,4.721,3.453,4.715
"2012-05-31 13:00:00",385,6.47,56.08,4.733,0.287,0.1705326,4.681,3.452,4.715
"2012-05-31 14:00:00",386,6.471,56.09,4.736,0.287,0.1705982,4.731,3.452,4.716
"2012-05-31 15:00:00",387,6.474,56.11,4.734,0.287,0.170444,4.719,3.452,4.716
"2012-05-31 16:00:00",388,6.478,56.15,4.736,0.287,0.1705858,4.699,3.452,4.717
"2012-05-31 17:00:00",389,6.475,56.13,4.743,0.287,0.1704782,4.728,3.452,4.717
"2012-05-31 18:00:00",390,6.477,56.15,4.74,0.287,0.1704782,4.728,3.459,4.718
"2012-05-31 19:00:00",391,6.474,56.12,4.739,0.287,0.1705964,4.709,3.453,4.718
"2012-05-31 20:00:00",392,6.478,56.15,4.74,0.287,0.1705964,4.719,3.454,4.719
"2012-05-31 21:00:00",393,6.479,56.16,4.739,0.287,0.1704947,4.703,3.454,4.719
"2012-05-31 22:00:00",394,6.481,56.19,4.744,0.287,0.1705378,4.736,3.454,4.72
"2012-05-31 23:00:00",395,6.478,56.16,4.747,0.287,0.1705352,4.746,3.455,4.72
"2012-06-01 00:00:00",396,6.483,56.2,4.741,0.287,0.1705452,4.683,3.456,4.721
"2012-06-01 01:00:00",397,6.481,56.18,4.745,0.287,0.1704269,4.712,3.457,4.721
"2012-06-01 02:00:00",398,6.484,56.21,4.743,0.287,0.1704929,4.722,3.458,4.722
"2012-06-01 03:00:00",399,6.484,56.21,4.745,0.287,0.1703756,4.714,3.458,4.722
"2012-06-01 04:00:00",400,6.484,56.21,4.744,0.287,0.170494,4.715,3.459,4.723
"2012-06-01 05:00:00",401,6.486,56.23,4.746,0.287,0.1706123,4.714,3.46,4.723
"2012-06-01 06:00:00",402,6.485,56.22,4.747,0.287,0.170494,4.724,3.461,4.724
"2012-06-01 07:00:00",403,6.489,56.25,4.745,0.287,0.170494,4.744,3.462,4.724
"2012-06-01 08:00:00",404,6.488,56.26,4.752,0.287,0.1703756,4.733,3.463,4.725
"2012-06-01 09:00:00",405,6.492,56.29,4.747,0.286,0.1703756,4.743,3.463,4.726
"2012-06-01 10:00:00",406,6.491,56.28,4.749,0.287,0.1703091,4.683,3.465,4.726
"2012-06-01 11:00:00",407,6.491,56.28,4.75,0.286,0.1703731,4.737,3.466,4.726
"2012-06-01 12:00:00",408,6.495,56.31,4.748,0.287,0.170457,4.738,3.467,4.727
"2012-06-01 13:00:00",409,6.494,56.3,4.747,0.287,0.1704315,4.734,3.468,4.728
"2012-06-01 14:00:00",410,6.494,56.31,4.748,0.287,0.1704113,4.702,3.468,4.728
"2012-06-01 15:00:00",411,6.495,56.32,4.748,0.287,0.1703964,4.73,3.47,4.729
"2012-06-01 16:00:00",412,6.498,56.34,4.745,0.286,0.1703773,4.754,3.471,4.729
"2012-06-01 17:00:00",413,6.497,56.33,4.748,0.287,0.1705287,4.729,3.472,4.73
"2012-06-01 18:00:00",414,6.5,56.36,4.748,0.286,0.170442,4.752,3.474,4.73
"2012-06-01 19:00:00",415,6.497,56.33,4.749,0.286,0.1703212,4.728,3.477,4.731
"2012-06-01 20:00:00",416,6.502,56.38,4.748,0.287,0.1703556,4.728,3.478,4.731
"2012-06-01 21:00:00",417,6.499,56.35,4.749,0.286,0.1702417,4.712,3.481,4.732
"2012-06-01 22:00:00",418,6.506,56.41,4.749,0.287,0.1703084,4.711,3.484,4.732
"2012-06-01 23:00:00",419,6.504,56.39,4.749,0.287,0.1703634,4.731,3.487,4.733
"2012-06-02 00:00:00",420,6.506,56.42,4.75,0.287,0.170331,4.712,3.49,4.733
"2012-06-02 01:00:00",421,6.505,56.4,4.751,0.286,0.1701946,4.741,3.494,4.734
"2012-06-02 02:00:00",422,6.508,56.43,4.752,0.286,0.1702541,4.721,3.497,4.735
"2012-06-02 03:00:00",423,6.509,56.44,4.752,0.286,0.1701149,4.741,3.499,4.735
"2012-06-02 04:00:00",424,6.51,56.45,4.753,0.286,0.1701924,4.741,3.502,4.736
"2012-06-02 05:00:00",425,6.512,56.46,4.751,0.286,0.1701904,4.731,3.505,4.736
"2012-06-02 06:00:00",426,6.509,56.44,4.752,0.286,0.1701904,4.731,3.507,4.737
"2012-06-02 07:00:00",427,6.51,56.45,4.756,0.286,0.1701904,4.712,3.511,4.738
"2012-06-02 08:00:00",428,6.511,56.46,4.757,0.286,0.170173,4.73,3.515,4.738
"2012-06-02 09:00:00",429,6.512,56.48,4.759,0.286,0.1701277,4.744,3.517,4.739
"2012-06-02 10:00:00",430,6.516,56.5,4.752,0.286,0.1700053,4.758,3.521,4.739
"2012-06-02 11:00:00",431,6.516,56.5,4.757,0.286,0.1700053,4.728,3.527,4.74
"2012-06-02 12:00:00",432,6.514,56.49,4.762,0.285,0.1700053,4.776,3.533,4.74
"2012-06-02 13:00:00",433,6.513,56.49,4.765,0.286,0.1698871,4.738,3.54,4.741
"2012-06-02 14:00:00",434,6.517,56.52,4.764,0.285,0.1697689,4.748,3.548,4.742
"2012-06-02 15:00:00",435,6.514,56.5,4.765,0.286,0.1698574,4.719,3.555,4.742
"2012-06-02 16:00:00",436,6.519,56.54,4.759,0.286,0.169952,4.717,3.562,4.743
"2012-06-02 17:00:00",437,6.517,56.53,4.766,0.286,0.1699681,4.763,3.569,4.744
"2012-06-02 18:00:00",438,6.518,56.54,4.767,0.285,0.1697688,4.748,3.582,4.744
"2012-06-02 19:00:00",439,6.518,56.54,4.769,0.285,0.1697836,4.742,3.592,4.745
"2012-06-02 20:00:00",440,6.519,56.55,4.766,0.285,0.1695977,4.72,3.599,4.746
"2012-06-02 21:00:00",441,6.521,56.58,4.773,0.285,0.1695991,4.721,3.605,4.746
"2012-06-02 22:00:00",442,6.519,56.56,4.772,0.285,0.1696658,4.719,3.609,4.747
"2012-06-02 23:00:00",443,6.519,56.55,4.771,0.285,0.1695476,4.734,3.612,4.748
"2012-06-03 00:00:00",444,6.521,56.57,4.77,0.285,0.1695476,4.734,3.616,4.748
"2012-06-03 01:00:00",445,6.521,56.58,4.773,0.285,0.1694294,4.763,3.619,4.749
"2012-06-03 02:00:00",446,6.522,56.58,4.772,0.285,0.1694294,4.753,3.62,4.75
"2012-06-03 03:00:00",447,6.519,56.55,4.771,0.285,0.1694294,4.772,3.622,4.751
"2012-06-03 04:00:00",448,6.521,56.57,4.771,0.285,0.1693113,4.753,3.621,4.751
"2012-06-03 05:00:00",449,6.521,56.58,4.771,0.285,0.1694294,4.753,3.623,4.752
"2012-06-03 06:00:00",450,6.522,56.58,4.774,0.285,0.1694294,4.753,3.623,4.752
"2012-06-03 07:00:00",451,6.521,56.57,4.772,0.285,0.1693113,4.744,3.623,4.753
"2012-06-03 08:00:00",452,6.52,56.57,4.773,0.284,0.1692527,4.781,3.622,4.754
"2012-06-03 09:00:00",453,6.52,56.57,4.774,0.284,0.1692988,4.754,3.626,4.754
"2012-06-03 10:00:00",454,6.52,56.57,4.774,0.284,0.1691783,4.757,3.619,4.754
"2012-06-03 11:00:00",455,6.518,56.55,4.773,0.284,0.1692595,4.748,3.618,4.755
"2012-06-03 12:00:00",456,6.52,56.57,4.776,0.284,0.1690934,4.76,3.616,4.755
"2012-06-03 13:00:00",457,6.522,56.58,4.772,0.284,0.1691655,4.764,3.614,4.756
"2012-06-03 14:00:00",458,6.521,56.57,4.774,0.284,0.1690486,4.74,3.613,4.756
"2012-06-03 15:00:00",459,6.524,56.6,4.772,0.284,0.169107,4.756,3.611,4.757
"2012-06-03 16:00:00",460,6.521,56.58,4.775,0.284,0.1690228,4.78,3.609,4.757
"2012-06-03 17:00:00",461,6.519,56.57,4.782,0.284,0.1690579,4.786,3.608,4.758
"2012-06-03 18:00:00",462,6.522,56.58,4.775,0.284,0.1690601,4.728,3.608,4.758
"2012-06-03 19:00:00",463,6.522,56.58,4.775,0.284,0.1690601,4.738,3.607,4.758
"2012-06-03 20:00:00",464,6.523,56.6,4.774,0.284,0.1690601,4.721,3.607,4.759
"2012-06-03 21:00:00",465,6.523,56.6,4.778,0.284,0.1691231,4.757,3.605,4.759
"2012-06-03 22:00:00",466,6.521,56.59,4.782,0.284,0.1690085,4.76,3.605,4.76
"2012-06-03 23:00:00",467,6.525,56.61,4.776,0.284,0.1690085,4.77,3.605,4.76
"2012-06-04 00:00:00",468,6.525,56.62,4.779,0.284,0.1690086,4.712,3.604,4.761
"2012-06-04 01:00:00",469,6.526,56.62,4.777,0.284,0.1690086,4.76,3.604,4.761
"2012-06-04 02:00:00",470,6.523,56.61,4.781,0.284,0.1690228,4.721,3.603,4.762
"2012-06-04 03:00:00",471,6.524,56.61,4.779,0.284,0.1690176,4.75,3.603,4.762
"2012-06-04 04:00:00",472,6.522,56.6,4.785,0.284,0.1690086,4.75,3.602,4.763
"2012-06-04 05:00:00",473,6.526,56.64,4.786,0.284,0.1689051,4.77,3.606,4.763
"2012-06-04 06:00:00",474,6.522,56.61,4.791,0.284,0.1689565,4.772,3.602,4.764
"2012-06-04 07:00:00",475,6.526,56.63,4.782,0.284,0.1688936,4.741,3.601,4.765
"2012-06-04 08:00:00",476,6.525,56.63,4.786,0.283,0.1688905,4.789,3.599,4.765
"2012-06-04 09:00:00",477,6.524,56.62,4.79,0.284,0.1689421,4.758,3.599,4.766
"2012-06-04 10:00:00",478,6.525,56.64,4.79,0.284,0.1690117,4.766,3.598,4.766
"2012-06-04 11:00:00",479,6.526,56.65,4.792,0.284,0.1689418,4.784,3.597,4.767
"2012-06-04 12:00:00",480,6.523,56.62,4.794,0.283,0.1687778,4.783,3.596,4.767
"2012-06-04 13:00:00",481,6.526,56.65,4.793,0.284,0.1689479,4.76,3.595,4.768
"2012-06-04 14:00:00",482,6.526,56.65,4.796,0.284,0.1688279,4.765,3.593,4.768
"2012-06-04 15:00:00",483,6.524,56.63,4.796,0.283,0.168873,4.799,3.593,4.769
"2012-06-04 16:00:00",484,6.523,56.63,4.794,0.284,0.168946,4.766,3.593,4.769
"2012-06-04 17:00:00",485,6.525,56.65,4.795,0.284,0.1689459,4.765,3.593,4.77
"2012-06-04 18:00:00",486,6.527,56.66,4.795,0.284,0.1687751,4.761,3.595,4.77
"2012-06-04 19:00:00",487,6.526,56.65,4.795,0.283,0.1687762,4.791,3.596,4.771
"2012-06-04 20:00:00",488,6.525,56.64,4.795,0.284,0.1688094,4.76,3.599,4.772
"2012-06-04 21:00:00",489,6.527,56.66,4.795,0.284,0.1688425,4.764,3.599,4.772
"2012-06-04 22:00:00",490,6.526,56.66,4.8,0.284,0.1687627,4.758,3.602,4.773
"2012-06-04 23:00:00",491,6.524,56.64,4.797,0.284,0.1688021,4.766,3.606,4.773
"2012-06-05 00:00:00",492,6.525,56.65,4.8,0.283,0.168824,4.776,3.606,4.774
"2012-06-05 01:00:00",493,6.527,56.66,4.795,0.283,0.1687059,4.776,3.608,4.774
"2012-06-05 02:00:00",494,6.528,56.67,4.798,0.283,0.1687059,4.757,3.61,4.775
"2012-06-05 03:00:00",495,6.527,56.67,4.798,0.283,0.1686763,4.796,3.613,4.775
"2012-06-05 04:00:00",496,6.527,56.66,4.797,0.283,0.1685879,4.767,3.615,4.776
"2012-06-05 05:00:00",497,6.526,56.66,4.801,0.283,0.1685879,4.805,3.619,4.777
"2012-06-05 06:00:00",498,6.528,56.67,4.799,0.283,0.1687059,4.805,3.621,4.777
"2012-06-05 07:00:00",499,6.528,56.67,4.796,0.283,0.1685553,4.776,3.624,4.778
"2012-06-05 08:00:00",500,6.528,56.67,4.796,0.283,0.1685492,4.776,3.627,4.778
"2012-06-05 09:00:00",501,6.529,56.68,4.802,0.283,0.1685415,4.776,3.629,4.779
"2012-06-05 10:00:00",502,6.528,56.68,4.8,0.283,0.1684369,4.767,3.632,4.78
"2012-06-05 11:00:00",503,6.527,56.67,4.8,0.283,0.1684358,4.786,3.634,4.78
"2012-06-05 12:00:00",504,6.527,56.67,4.802,0.283,0.1685355,4.772,3.636,4.781
"2012-06-05 13:00:00",505,6.525,56.65,4.803,0.283,0.1685219,4.789,3.638,4.781
"2012-06-05 14:00:00",506,6.527,56.67,4.801,0.283,0.168428,4.808,3.639,4.782
"2012-06-05 15:00:00",507,6.53,56.69,4.8,0.283,0.1684301,4.79,3.641,4.782
"2012-06-05 16:00:00",508,6.529,56.69,4.802,0.283,0.1684367,4.811,3.641,4.783
"2012-06-05 17:00:00",509,6.527,56.67,4.805,0.283,0.1684693,4.767,3.644,4.783
"2012-06-05 18:00:00",510,6.53,56.69,4.803,0.283,0.16847,4.767,3.643,4.784
"2012-06-05 19:00:00",511,6.526,56.67,4.812,0.283,0.1683585,4.739,3.647,4.784
"2012-06-05 20:00:00",512,6.527,56.67,4.803,0.283,0.1684174,4.787,3.648,4.785
"2012-06-05 21:00:00",513,6.527,56.68,4.806,0.283,0.1684182,4.808,3.652,4.785
"2012-06-05 22:00:00",514,6.526,56.68,4.814,0.283,0.1683556,4.77,3.66,4.786
"2012-06-05 23:00:00",515,6.527,56.68,4.811,0.283,0.1684844,4.776,3.669,4.786
"2012-06-06 00:00:00",516,6.526,56.68,4.811,0.282,0.1682483,4.791,3.671,4.787
"2012-06-06 01:00:00",517,6.527,56.68,4.813,0.282,0.1682483,4.821,3.679,4.787
"2012-06-06 02:00:00",518,6.527,56.68,4.814,0.282,0.1681303,4.782,3.685,4.788
"2012-06-06 03:00:00",519,6.528,56.7,4.818,0.283,0.1683663,4.763,3.692,4.789
"2012-06-06 04:00:00",520,6.528,56.7,4.813,0.283,0.1682483,4.763,3.697,4.789
"2012-06-06 05:00:00",521,6.53,56.72,4.815,0.283,0.1682529,4.772,3.702,4.79
"2012-06-06 06:00:00",522,6.528,56.7,4.817,0.282,0.1680575,4.801,3.709,4.79
"2012-06-06 07:00:00",523,6.525,56.67,4.815,0.282,0.1683032,4.792,3.716,4.791
"2012-06-06 08:00:00",524,6.527,56.69,4.82,0.282,0.168069,4.812,3.726,4.791
"2012-06-06 09:00:00",525,6.526,56.69,4.82,0.282,0.1681964,4.797,3.738,4.792
"2012-06-06 10:00:00",526,6.527,56.7,4.825,0.282,0.1680709,4.803,3.748,4.793
"2012-06-06 11:00:00",527,6.526,56.68,4.82,0.282,0.1681622,4.772,3.758,4.793
"2012-06-06 12:00:00",528,6.526,56.69,4.82,0.282,0.1681305,4.763,3.766,4.794
"2012-06-06 13:00:00",529,6.524,56.68,4.824,0.282,0.1681305,4.792,3.772,4.794
"2012-06-06 14:00:00",530,6.525,56.68,4.825,0.282,0.1680313,4.792,3.778,4.794
"2012-06-06 15:00:00",531,6.523,56.67,4.825,0.282,0.1680606,4.773,3.783,4.795
"2012-06-06 16:00:00",532,6.527,56.7,4.822,0.282,0.1681962,4.785,3.788,4.795
"2012-06-06 17:00:00",533,6.528,56.71,4.823,0.282,0.1683145,4.817,3.792,4.796
"2012-06-06 18:00:00",534,6.526,56.69,4.825,0.282,0.1681923,4.795,3.795,4.796
"2012-06-06 19:00:00",535,6.526,56.69,4.823,0.282,0.1680219,4.792,3.795,4.797
"2012-06-06 20:00:00",536,6.526,56.69,4.822,0.282,0.1680194,4.801,3.795,4.797
"2012-06-06 21:00:00",537,6.526,56.69,4.823,0.282,0.1683054,4.812,3.794,4.797
"2012-06-06 22:00:00",538,6.528,56.71,4.825,0.282,0.1681964,4.798,3.791,4.798
"2012-06-06 23:00:00",539,6.526,56.69,4.823,0.282,0.168257,4.802,3.789,4.798
"2012-06-07 00:00:00",540,6.525,56.69,4.826,0.282,0.1681445,4.812,3.786,4.799
"2012-06-07 01:00:00",541,6.528,56.71,4.821,0.282,0.1681445,4.778,3.782,4.799
"2012-06-07 02:00:00",542,6.524,56.68,4.823,0.282,0.1680492,4.791,3.778,4.8
"2012-06-07 03:00:00",543,6.524,56.68,4.824,0.282,0.1681776,4.773,3.775,4.801
"2012-06-07 04:00:00",544,6.52,56.64,4.824,0.282,0.1681776,4.823,3.77,4.801
"2012-06-07 05:00:00",545,6.527,56.7,4.823,0.282,0.1681684,4.792,3.766,4.802
"2012-06-07 06:00:00",546,6.528,56.71,4.823,0.282,0.1681448,4.791,3.761,4.802
"2012-06-07 07:00:00",547,6.526,56.69,4.82,0.282,0.1681446,4.801,3.756,4.803
"2012-06-07 08:00:00",548,6.528,56.7,4.822,0.282,0.1681202,4.814,3.753,4.803
"2012-06-07 09:00:00",549,6.523,56.67,4.826,0.282,0.1680153,4.812,3.75,4.804
"2012-06-07 10:00:00",550,6.525,56.69,4.826,0.282,0.1681833,4.809,3.748,4.804
"2012-06-07 11:00:00",551,6.526,56.7,4.826,0.282,0.1681164,4.807,3.746,4.805
"2012-06-07 12:00:00",552,6.529,56.71,4.822,0.282,0.1680816,4.786,3.743,4.806
"2012-06-07 13:00:00",553,6.529,56.72,4.826,0.282,0.1680686,4.81,3.74,4.806
"2012-06-07 14:00:00",554,6.528,56.72,4.825,0.281,0.167909,4.836,3.737,4.807
"2012-06-07 15:00:00",555,6.527,56.7,4.822,0.282,0.1681042,4.803,3.734,4.807
"2012-06-07 16:00:00",556,6.526,56.7,4.828,0.282,0.1679906,4.793,3.73,4.808
"2012-06-07 17:00:00",557,6.526,56.7,4.828,0.282,0.1679844,4.821,3.727,4.809
"2012-06-07 18:00:00",558,6.525,56.69,4.831,0.282,0.1678983,4.803,3.724,4.809
"2012-06-07 19:00:00",559,6.527,56.71,4.83,0.282,0.167963,4.818,3.72,4.81
"2012-06-07 20:00:00",560,6.527,56.7,4.827,0.281,0.1678796,4.825,3.718,4.811
"2012-06-07 21:00:00",561,6.526,56.7,4.83,0.282,0.1678984,4.8,3.716,4.811
"2012-06-07 22:00:00",562,6.526,56.7,4.828,0.282,0.1679464,4.818,3.713,4.812
"2012-06-07 23:00:00",563,6.523,56.68,4.832,0.282,0.1680018,4.779,3.71,4.812
"2012-06-08 00:00:00",564,6.522,56.67,4.834,0.282,0.1680124,4.818,3.707,4.813
"2012-06-08 01:00:00",565,6.525,56.7,4.832,0.282,0.1678943,4.813,3.705,4.813
"2012-06-08 02:00:00",566,6.521,56.67,4.832,0.282,0.1680124,4.823,3.701,4.814
"2012-06-08 03:00:00",567,6.521,56.67,4.835,0.281,0.1678943,4.825,3.699,4.815
"2012-06-08 04:00:00",568,6.518,56.65,4.839,0.282,0.1678943,4.801,3.696,4.815
"2012-06-08 05:00:00",569,6.52,56.66,4.838,0.282,0.1678943,4.792,3.693,4.816
"2012-06-08 06:00:00",570,6.517,56.64,4.841,0.282,0.1678943,4.811,3.69,4.816
"2012-06-08 07:00:00",571,6.518,56.65,4.842,0.282,0.1679963,4.822,3.687,4.817
"2012-06-08 08:00:00",572,6.519,56.65,4.839,0.282,0.1679465,4.808,3.684,4.817
"2012-06-08 09:00:00",573,6.515,56.62,4.841,0.282,0.1679465,4.818,3.681,4.818
"2012-06-08 10:00:00",574,5.78,51.11,4.851,0.283,0.1688905,4.808,3.674,4.818
"2012-06-08 11:00:00",575,5.783,51.12,4.844,0.283,0.1687724,4.827,3.673,4.819
"2012-06-08 12:00:00",576,5.781,51.11,4.844,0.283,0.1687724,4.827,3.671,4.819
"2012-06-08 13:00:00",577,5.781,51.12,4.847,0.283,0.1687724,4.789,3.673,4.82
"2012-06-08 14:00:00",578,5.78,51.1,4.843,0.283,0.1687729,4.827,3.674,4.82
"2012-06-08 15:00:00",579,5.781,51.11,4.845,0.283,0.1687086,4.832,3.673,4.821
"2012-06-08 16:00:00",580,5.78,51.1,4.845,0.283,0.1687061,4.816,3.672,4.821
"2012-06-08 17:00:00",581,5.781,51.11,4.843,0.283,0.1685834,4.834,3.67,4.822
"2012-06-08 18:00:00",582,5.779,51.09,4.846,0.283,0.1685879,4.816,3.668,4.822
"2012-06-08 19:00:00",583,5.779,51.09,4.844,0.283,0.1685879,4.835,3.666,4.823
"2012-06-08 20:00:00",584,5.778,51.08,4.845,0.283,0.1685228,4.805,3.664,4.824
"2012-06-08 21:00:00",585,5.777,51.08,4.848,0.283,0.1685362,4.827,3.662,4.824
"2012-06-08 22:00:00",586,5.778,51.08,4.847,0.283,0.1685976,4.819,3.66,4.824
"2012-06-08 23:00:00",587,5.778,51.09,4.849,0.283,0.1686025,4.82,3.658,4.825
"2012-06-09 00:00:00",588,5.778,51.09,4.847,0.283,0.1685233,4.821,3.657,4.826
"2012-06-09 01:00:00",589,5.778,51.08,4.846,0.282,0.1685507,4.846,3.655,4.826
"2012-06-09 02:00:00",590,5.778,51.09,4.848,0.283,0.1685901,4.791,3.654,4.827
"2012-06-09 03:00:00",591,5.779,51.1,4.847,0.283,0.1686153,4.804,3.651,4.827
"2012-06-09 04:00:00",592,5.779,51.09,4.848,0.282,0.1684989,4.83,3.65,4.828
"2012-06-09 05:00:00",593,5.776,51.08,4.85,0.283,0.1684989,4.807,3.648,4.828
"2012-06-09 06:00:00",594,5.779,51.09,4.849,0.283,0.1687252,4.85,3.646,4.829
"2012-06-09 07:00:00",595,5.779,51.1,4.848,0.283,0.1686689,4.819,3.645,4.829
"2012-06-09 08:00:00",596,5.779,51.1,4.848,0.282,0.1684937,4.85,3.643,4.83
"2012-06-09 09:00:00",597,5.779,51.1,4.85,0.283,0.1686026,4.838,3.641,4.83
"2012-06-09 10:00:00",598,5.779,51.1,4.848,0.283,0.1686953,4.808,3.639,4.831
"2012-06-09 11:00:00",599,5.776,51.07,4.846,0.283,0.1686551,4.818,3.637,4.831
"2012-06-09 12:00:00",600,5.779,51.1,4.85,0.283,0.1687724,4.847,3.635,4.832
"2012-06-09 13:00:00",601,5.781,51.11,4.85,0.283,0.1686544,4.799,3.633,4.832
"2012-06-09 14:00:00",602,5.779,51.1,4.847,0.283,0.1686544,4.799,3.63,4.833
"2012-06-09 15:00:00",603,5.778,51.09,4.85,0.283,0.1687724,4.847,3.628,4.833
"2012-06-09 16:00:00",604,5.78,51.11,4.849,0.283,0.1687808,4.827,3.626,4.834
"2012-06-09 17:00:00",605,5.778,51.1,4.852,0.283,0.168719,4.837,3.625,4.834
"2012-06-09 18:00:00",606,5.778,51.1,4.851,0.283,0.1687205,4.842,3.624,4.835
"2012-06-09 19:00:00",607,5.782,51.13,4.849,0.283,0.1688387,4.849,3.623,4.835
"2012-06-09 20:00:00",608,5.78,51.11,4.852,0.283,0.1687205,4.801,3.622,4.836
"2012-06-09 21:00:00",609,5.778,51.1,4.854,0.283,0.1687554,4.801,3.62,4.836
"2012-06-09 22:00:00",610,5.78,51.12,4.852,0.283,0.1687719,4.84,3.619,4.837
"2012-06-09 23:00:00",611,5.781,51.12,4.85,0.283,0.1687791,4.852,3.618,4.837
"2012-06-10 00:00:00",612,5.778,51.1,4.859,0.283,0.1687866,4.845,3.616,4.838
"2012-06-10 01:00:00",613,5.777,51.11,4.867,0.283,0.1687869,4.826,3.614,4.838
"2012-06-10 02:00:00",614,5.777,51.09,4.857,0.283,0.1687869,4.856,3.612,4.839
"2012-06-10 03:00:00",615,5.782,51.13,4.855,0.283,0.1687869,4.846,3.61,4.839
"2012-06-10 04:00:00",616,5.777,51.1,4.864,0.283,0.1687869,4.827,3.609,4.84
"2012-06-10 05:00:00",617,5.779,51.11,4.862,0.283,0.1687869,4.837,3.61,4.84
"2012-06-10 06:00:00",618,5.779,51.12,4.864,0.283,0.1687869,4.828,3.611,4.841
"2012-06-10 07:00:00",619,5.781,51.14,4.865,0.283,0.16892,4.829,3.615,4.842
"2012-06-10 08:00:00",620,5.78,51.12,4.861,0.283,0.1688374,4.83,3.621,4.842
"2012-06-10 09:00:00",621,5.783,51.15,4.866,0.283,0.1687883,4.829,3.627,4.843
"2012-06-10 10:00:00",622,5.781,51.14,4.87,0.283,0.1689052,4.867,3.633,4.843
"2012-06-10 11:00:00",623,5.781,51.14,4.867,0.283,0.1689052,4.827,3.637,4.844
"2012-06-10 12:00:00",624,5.783,51.15,4.864,0.283,0.1687871,4.837,3.641,4.844
"2012-06-10 13:00:00",625,5.782,51.15,4.87,0.283,0.1687809,4.824,3.643,4.845
"2012-06-10 14:00:00",626,5.78,51.14,4.872,0.283,0.1688619,4.859,3.644,4.845
"2012-06-10 15:00:00",627,5.781,51.14,4.868,0.283,0.168957,4.821,3.645,4.846
"2012-06-10 16:00:00",628,5.782,51.15,4.87,0.283,0.168957,4.85,3.646,4.846
"2012-06-10 17:00:00",629,5.783,51.17,4.874,0.283,0.168957,4.85,3.645,4.847
"2012-06-10 18:00:00",630,5.781,51.15,4.874,0.283,0.168957,4.869,3.644,4.847
"2012-06-10 19:00:00",631,5.784,51.17,4.869,0.283,0.169075,4.85,3.645,4.848
"2012-06-10 20:00:00",632,5.782,51.16,4.872,0.283,0.169075,4.83,3.642,4.848
"2012-06-10 21:00:00",633,5.783,51.16,4.871,0.283,0.169075,4.85,3.64,4.849
"2012-06-10 22:00:00",634,5.785,51.18,4.872,0.283,0.1691931,4.85,3.642,4.85
"2012-06-10 23:00:00",635,5.785,51.18,4.869,0.283,0.1691931,4.878,3.637,4.85
"2012-06-11 00:00:00",636,5.786,51.19,4.873,0.283,0.1691931,4.85,3.636,4.851
"2012-06-11 01:00:00",637,5.784,51.17,4.873,0.284,0.1691931,4.84,3.634,4.851
"2012-06-11 02:00:00",638,5.784,51.17,4.872,0.283,0.1691931,4.869,3.632,4.852
"2012-06-11 03:00:00",639,5.788,51.2,4.869,0.283,0.1691931,4.85,3.629,4.852
"2012-06-11 04:00:00",640,5.787,51.2,4.871,0.283,0.1691931,4.869,3.628,4.853
"2012-06-11 05:00:00",641,5.789,51.22,4.874,0.284,0.1691931,4.84,3.626,4.853
"2012-06-11 06:00:00",642,5.787,51.2,4.873,0.284,0.1691931,4.83,3.624,4.854
"2012-06-11 07:00:00",643,5.789,51.22,4.874,0.283,0.1691931,4.859,3.622,4.855
"2012-06-11 08:00:00",644,5.788,51.21,4.875,0.284,0.1693114,4.84,3.621,4.855
"2012-06-11 09:00:00",645,5.79,51.23,4.873,0.283,0.1693114,4.872,3.619,4.856
"2012-06-11 10:00:00",646,5.788,51.22,4.88,0.284,0.1693632,4.856,3.617,4.856
"2012-06-11 11:00:00",647,5.789,51.23,4.876,0.283,0.169298,4.878,3.615,4.857
"2012-06-11 12:00:00",648,5.792,51.25,4.875,0.284,0.1692963,4.854,3.613,4.857
"2012-06-11 13:00:00",649,5.789,51.22,4.876,0.284,0.1692609,4.844,3.611,4.858
"2012-06-11 14:00:00",650,5.792,51.25,4.877,0.283,0.1693185,4.864,3.61,4.859
"2012-06-11 15:00:00",651,5.79,51.23,4.878,0.283,0.1692905,4.86,3.609,4.859
"2012-06-11 16:00:00",652,5.791,51.25,4.879,0.284,0.1693984,4.833,3.606,4.86
"2012-06-11 17:00:00",653,5.792,51.26,4.881,0.284,0.1693662,4.839,3.605,4.86
"2012-06-11 18:00:00",654,5.794,51.27,4.877,0.283,0.1692776,4.879,3.602,4.861
"2012-06-11 19:00:00",655,5.792,51.26,4.885,0.284,0.1694944,4.858,3.602,4.861
"2012-06-11 20:00:00",656,5.792,51.26,4.882,0.283,0.1694121,4.882,3.601,4.862
"2012-06-11 21:00:00",657,5.794,51.28,4.888,0.284,0.169479,4.872,3.599,4.862
"2012-06-11 22:00:00",658,5.794,51.27,4.882,0.284,0.1694287,4.868,3.598,4.863
"2012-06-11 23:00:00",659,5.796,51.29,4.883,0.283,0.1694583,4.888,3.598,4.863
"2012-06-12 00:00:00",660,5.795,51.3,4.891,0.284,0.1693778,4.855,3.597,4.864
"2012-06-12 01:00:00",661,5.796,51.3,4.887,0.284,0.169496,4.885,3.596,4.864
"2012-06-12 02:00:00",662,5.795,51.3,4.889,0.284,0.1694683,4.842,3.596,4.865
"2012-06-12 03:00:00",663,5.799,51.33,4.89,0.284,0.16943,4.859,3.595,4.865
"2012-06-12 04:00:00",664,5.798,51.32,4.893,0.284,0.1695478,4.869,3.594,4.866
"2012-06-12 05:00:00",665,5.801,51.35,4.886,0.283,0.1694295,4.888,3.593,4.866
"2012-06-12 06:00:00",666,5.8,51.34,4.891,0.284,0.1694295,4.869,3.592,4.867
"2012-06-12 07:00:00",667,5.799,51.33,4.894,0.284,0.1695478,4.878,3.592,4.867
"2012-06-12 08:00:00",668,5.8,51.35,4.894,0.284,0.169666,4.869,3.591,4.868
"2012-06-12 09:00:00",669,5.799,51.34,4.894,0.284,0.1696049,4.886,3.59,4.868
"2012-06-12 10:00:00",670,5.802,51.37,4.898,0.284,0.1695336,4.877,3.589,4.869
"2012-06-12 11:00:00",671,5.803,51.38,4.896,0.284,0.1696166,4.853,3.588,4.869
"2012-06-12 12:00:00",672,5.804,51.38,4.895,0.284,0.1696732,4.874,3.563,4.87
"2012-06-12 13:00:00",673,5.805,51.39,4.898,0.284,0.169511,4.878,3.561,4.87
"2012-06-12 14:00:00",674,5.808,51.41,4.895,0.284,0.1695119,4.849,3.56,4.871
"2012-06-12 15:00:00",675,5.806,51.4,4.894,0.284,0.1695841,4.875,3.559,4.872
"2012-06-12 16:00:00",676,5.807,51.41,4.895,0.284,0.1696827,4.885,3.559,4.872
"2012-06-12 17:00:00",677,5.809,51.43,4.9,0.283,0.1694906,4.893,3.559,4.873
"2012-06-12 18:00:00",678,5.81,51.43,4.896,0.284,0.1696316,4.881,3.559,4.873
"2012-06-12 19:00:00",679,5.811,51.45,4.899,0.283,0.1694919,4.913,3.56,4.874
"2012-06-12 20:00:00",680,5.811,51.45,4.898,0.284,0.1694088,4.863,3.562,4.874
"2012-06-12 21:00:00",681,5.812,51.45,4.897,0.284,0.1694177,4.847,3.562,4.875
"2012-06-12 22:00:00",682,5.811,51.45,4.9,0.284,0.1696059,4.875,3.563,4.875
"2012-06-12 23:00:00",683,5.814,51.47,4.899,0.284,0.1696027,4.895,3.564,4.876
"2012-06-13 00:00:00",684,5.814,51.47,4.9,0.284,0.1694859,4.876,3.566,4.876
"2012-06-13 01:00:00",685,5.819,51.51,4.898,0.284,0.1695994,4.895,3.567,4.877
"2012-06-13 02:00:00",686,5.817,51.5,4.9,0.284,0.1695992,4.885,3.569,4.877
"2012-06-13 03:00:00",687,5.819,51.52,4.9,0.284,0.1694811,4.837,3.57,4.878
"2012-06-13 04:00:00",688,5.82,51.52,4.895,0.284,0.1694811,4.876,3.572,4.878
"2012-06-13 05:00:00",689,5.821,51.54,4.899,0.283,0.1693629,4.885,3.574,4.879
"2012-06-13 06:00:00",690,5.822,51.55,4.903,0.284,0.1693629,4.866,3.575,4.879
"2012-06-13 07:00:00",691,5.822,51.56,4.904,0.284,0.1695992,4.885,3.577,4.88
"2012-06-13 08:00:00",692,5.826,51.58,4.898,0.284,0.1695992,4.856,3.578,4.88
"2012-06-13 09:00:00",693,5.824,51.57,4.899,0.284,0.1694811,4.875,3.579,4.881
"2012-06-13 10:00:00",694,5.825,51.58,4.903,0.284,0.1694161,4.86,3.582,4.881
"2012-06-13 11:00:00",695,5.825,51.58,4.905,0.284,0.1693488,4.842,3.587,4.882
"2012-06-13 12:00:00",696,5.825,51.58,4.903,0.283,0.1694809,4.913,3.599,4.882
"2012-06-13 13:00:00",697,5.828,51.6,4.901,0.284,0.1694281,4.853,3.612,4.883
"2012-06-13 14:00:00",698,5.828,51.6,4.904,0.283,0.1692585,4.854,3.622,4.883
"2012-06-13 15:00:00",699,5.829,51.62,4.904,0.283,0.1693585,4.905,3.63,4.884
"2012-06-13 16:00:00",700,5.827,51.6,4.911,0.283,0.1691779,4.892,3.639,4.884
"2012-06-13 17:00:00",701,5.827,51.61,4.914,0.283,0.1691782,4.863,3.65,4.884
"2012-06-13 18:00:00",702,5.829,51.62,4.909,0.283,0.1692962,4.883,3.663,4.885
"2012-06-13 19:00:00",703,5.828,51.62,4.913,0.283,0.1691823,4.859,3.675,4.885
"2012-06-13 20:00:00",704,5.83,51.63,4.912,0.283,0.1691215,4.881,3.69,4.886
"2012-06-13 21:00:00",705,5.831,51.64,4.914,0.283,0.1692447,4.895,3.699,4.886
"2012-06-13 22:00:00",706,5.83,51.64,4.914,0.283,0.1690085,4.885,3.708,4.887
"2012-06-13 23:00:00",707,5.83,51.64,4.918,0.283,0.1688921,4.885,3.716,4.887
"2012-06-14 00:00:00",708,5.831,51.64,4.913,0.282,0.1688905,4.895,3.723,4.887
"2012-06-14 01:00:00",709,5.83,51.64,4.916,0.283,0.1690532,4.876,3.728,4.888
"2012-06-14 02:00:00",710,5.829,51.63,4.918,0.283,0.1689567,4.897,3.732,4.888
"2012-06-14 03:00:00",711,5.828,51.63,4.917,0.283,0.1689567,4.867,3.735,4.889
"2012-06-14 04:00:00",712,5.828,51.62,4.916,0.282,0.1688387,4.917,3.735,4.889
"2012-06-14 05:00:00",713,5.829,51.64,4.919,0.282,0.1687559,4.869,3.736,4.89
"2012-06-14 06:00:00",714,5.828,51.63,4.922,0.283,0.1687537,4.859,3.736,4.89
"2012-06-14 07:00:00",715,5.828,51.63,4.921,0.282,0.1687207,4.898,3.734,4.891
"2012-06-14 08:00:00",716,5.828,51.63,4.921,0.282,0.1688918,4.915,3.735,4.891
"2012-06-14 09:00:00",717,5.827,51.62,4.92,0.282,0.1685881,4.902,3.733,4.892
"2012-06-14 10:00:00",718,5.829,51.63,4.921,0.282,0.1687651,4.907,3.731,4.892
"2012-06-14 11:00:00",719,5.827,51.63,4.922,0.282,0.1686271,4.873,3.728,4.893
"2012-06-14 12:00:00",720,5.826,51.61,4.922,0.282,0.1687246,4.88,3.725,4.893
"2012-06-14 13:00:00",721,5.827,51.62,4.92,0.282,0.1685743,4.898,3.722,4.894
"2012-06-14 14:00:00",722,5.83,51.65,4.923,0.282,0.1686915,4.915,3.718,4.895
"2012-06-14 15:00:00",723,5.828,51.63,4.921,0.282,0.1686651,4.917,3.715,4.895
"2012-06-14 16:00:00",724,5.826,51.61,4.924,0.282,0.1685735,4.902,3.712,4.896
"2012-06-14 17:00:00",725,5.826,51.62,4.925,0.282,0.1686914,4.903,3.709,4.896
"2012-06-14 18:00:00",726,5.829,51.64,4.922,0.282,0.1685719,4.881,3.706,4.897
"2012-06-14 19:00:00",727,5.827,51.62,4.925,0.282,0.1686022,4.918,3.703,4.898
"2012-06-14 20:00:00",728,5.828,51.63,4.92,0.282,0.168637,4.864,3.702,4.898
"2012-06-14 21:00:00",729,5.828,51.63,4.921,0.282,0.1687039,4.892,3.7,4.899
"2012-06-14 22:00:00",730,5.829,51.64,4.923,0.282,0.1684783,4.915,3.697,4.899
"2012-06-14 23:00:00",731,5.829,51.64,4.925,0.282,0.1685359,4.923,3.696,4.9
"2012-06-15 00:00:00",732,5.827,51.63,4.926,0.282,0.1685362,4.876,3.693,4.9
"2012-06-15 01:00:00",733,5.828,51.63,4.925,0.282,0.1685362,4.885,3.691,4.901
"2012-06-15 02:00:00",734,5.829,51.64,4.923,0.282,0.1684837,4.898,3.689,4.901
"2012-06-15 03:00:00",735,5.831,51.66,4.923,0.282,0.1686547,4.869,3.687,4.902
"2012-06-15 04:00:00",736,5.828,51.64,4.924,0.282,0.1685507,4.895,3.686,4.903
"2012-06-15 05:00:00",737,5.83,51.65,4.922,0.282,0.1686161,4.878,3.683,4.903
"2012-06-15 06:00:00",738,5.83,51.65,4.925,0.282,0.1684989,4.87,3.68,4.904
"2012-06-15 07:00:00",739,5.829,51.64,4.926,0.282,0.1684994,4.901,3.678,4.904
"2012-06-15 08:00:00",740,5.831,51.66,4.924,0.281,0.1684809,4.93,3.675,4.905
"2012-06-15 09:00:00",741,5.827,51.62,4.923,0.282,0.1685881,4.892,3.674,4.905
"2012-06-15 10:00:00",742,5.828,51.63,4.926,0.282,0.1685485,4.902,3.669,4.906
"2012-06-15 11:00:00",743,5.829,51.64,4.926,0.282,0.1686133,4.902,3.666,4.906
"2012-06-15 12:00:00",744,5.83,51.65,4.925,0.282,0.1684822,4.899,3.663,4.907
"2012-06-15 13:00:00",745,5.832,51.67,4.925,0.282,0.1685806,4.908,3.659,4.908
"2012-06-15 14:00:00",746,5.831,51.66,4.926,0.282,0.1685462,4.871,3.656,4.908
"2012-06-15 15:00:00",747,5.831,51.67,4.928,0.282,0.1685406,4.935,3.654,4.909
"2012-06-15 16:00:00",748,5.827,51.63,4.931,0.281,0.1684157,4.915,3.65,4.909
"2012-06-15 17:00:00",749,5.829,51.65,4.929,0.282,0.1686584,4.896,3.648,4.91
"2012-06-15 18:00:00",750,5.827,51.64,4.934,0.282,0.1685458,4.897,3.646,4.91
"2012-06-15 19:00:00",751,5.83,51.66,4.932,0.282,0.1685406,4.917,3.644,4.911
"2012-06-15 20:00:00",752,5.828,51.64,4.932,0.282,0.1685411,4.892,3.642,4.912
"2012-06-15 21:00:00",753,5.828,51.65,4.935,0.282,0.1685192,4.906,3.641,4.912
"2012-06-15 22:00:00",754,5.832,51.68,4.931,0.282,0.1684827,4.916,3.639,4.913
"2012-06-15 23:00:00",755,5.829,51.66,4.936,0.282,0.1686365,4.936,3.638,4.913
"2012-06-16 00:00:00",756,5.829,51.67,4.94,0.282,0.1685507,4.915,3.636,4.914
"2012-06-16 01:00:00",757,5.83,51.67,4.937,0.282,0.1686062,4.896,3.636,4.914
"2012-06-16 02:00:00",758,5.831,51.67,4.932,0.282,0.1686106,4.891,3.634,4.915
"2012-06-16 03:00:00",759,5.83,51.67,4.941,0.282,0.1684989,4.924,3.633,4.915
"2012-06-16 04:00:00",760,5.832,51.69,4.938,0.282,0.1684989,4.888,3.632,4.916
"2012-06-16 05:00:00",761,5.829,51.66,4.939,0.282,0.1686463,4.917,3.63,4.916
"2012-06-16 06:00:00",762,5.829,51.67,4.945,0.282,0.1686272,4.917,3.631,4.917
"2012-06-16 07:00:00",763,5.829,51.66,4.94,0.282,0.1685551,4.908,3.627,4.917
"2012-06-16 08:00:00",764,5.827,51.65,4.944,0.282,0.1687207,4.917,3.625,4.918
"2012-06-16 09:00:00",765,5.833,51.7,4.942,0.282,0.1686772,4.916,3.623,4.918
"2012-06-16 10:00:00",766,5.832,51.69,4.944,0.282,0.1686024,4.939,3.62,4.919
"2012-06-16 11:00:00",767,5.834,51.71,4.943,0.282,0.168787,4.931,3.618,4.919
"2012-06-16 12:00:00",768,5.831,51.69,4.946,0.282,0.1687033,4.938,3.616,4.92
"2012-06-16 13:00:00",769,5.829,51.68,4.946,0.282,0.1685541,4.93,3.61,4.92
"2012-06-16 14:00:00",770,5.831,51.69,4.947,0.282,0.1686585,4.925,3.611,4.921
"2012-06-16 15:00:00",771,5.833,51.7,4.945,0.281,0.168593,4.95,3.609,4.922
"2012-06-16 16:00:00",772,5.831,51.69,4.948,0.282,0.1687101,4.928,3.608,4.922
"2012-06-16 17:00:00",773,5.834,51.72,4.947,0.282,0.1687101,4.95,3.606,4.923
"2012-06-16 18:00:00",774,5.835,51.73,4.945,0.282,0.1685975,4.93,3.602,4.923
"2012-06-16 19:00:00",775,5.836,51.73,4.946,0.282,0.1686583,4.925,3.602,4.924
"2012-06-16 20:00:00",776,5.835,51.73,4.949,0.282,0.1686932,4.886,3.602,4.924
"2012-06-16 21:00:00",777,5.835,51.72,4.948,0.282,0.168631,4.9,3.601,4.925
"2012-06-16 22:00:00",778,5.836,51.73,4.948,0.282,0.1686717,4.916,3.601,4.925
"2012-06-16 23:00:00",779,5.835,51.73,4.947,0.282,0.168554,4.93,3.601,4.926
"2012-06-17 00:00:00",780,5.838,51.76,4.949,0.282,0.1685877,4.931,3.601,4.926
"2012-06-17 01:00:00",781,5.836,51.74,4.948,0.282,0.1687059,4.911,3.604,4.927
"2012-06-17 02:00:00",782,5.837,51.75,4.948,0.282,0.1685903,4.941,3.607,4.927
"2012-06-17 03:00:00",783,5.837,51.75,4.948,0.282,0.1687063,4.897,3.61,4.928
"2012-06-17 04:00:00",784,5.84,51.77,4.951,0.282,0.1685972,4.936,3.613,4.928
"2012-06-17 05:00:00",785,5.839,51.76,4.947,0.282,0.1685956,4.918,3.619,4.929
"2012-06-17 06:00:00",786,5.84,51.77,4.945,0.282,0.1685906,4.927,3.622,4.929
"2012-06-17 07:00:00",787,5.84,51.77,4.949,0.282,0.1685888,4.905,3.625,4.929
"2012-06-17 08:00:00",788,5.843,51.79,4.946,0.282,0.1685881,4.902,3.626,4.93
"2012-06-17 09:00:00",789,5.838,51.76,4.947,0.282,0.1686967,4.96,3.628,4.93
"2012-06-17 10:00:00",790,5.842,51.79,4.948,0.281,0.1685764,4.95,3.63,4.931
"2012-06-17 11:00:00",791,5.844,51.81,4.946,0.281,0.1685453,4.95,3.632,4.931
"2012-06-17 12:00:00",792,5.842,51.79,4.95,0.281,0.1685309,4.965,3.633,4.931
"2012-06-17 13:00:00",793,5.84,51.77,4.95,0.282,0.1686068,4.899,3.634,4.932
"2012-06-17 14:00:00",794,5.842,51.79,4.951,0.281,0.1684653,4.966,3.635,4.932
"2012-06-17 15:00:00",795,5.844,51.81,4.95,0.281,0.168541,4.945,3.635,4.933
"2012-06-17 16:00:00",796,5.843,51.8,4.954,0.282,0.1684544,4.901,3.634,4.933
"2012-06-17 17:00:00",797,5.842,51.8,4.951,0.281,0.168346,4.919,3.635,4.933
"2012-06-17 18:00:00",798,5.842,51.79,4.949,0.282,0.1685328,4.901,3.644,4.934
"2012-06-17 19:00:00",799,5.842,51.79,4.95,0.281,0.1685362,4.962,3.658,4.934
"2012-06-17 20:00:00",800,5.841,51.79,4.953,0.282,0.1684182,4.905,3.673,4.935
"2012-06-17 21:00:00",801,5.842,51.8,4.956,0.281,0.1684182,4.924,3.69,4.935
"2012-06-17 22:00:00",802,5.846,51.83,4.95,0.281,0.1683086,4.924,3.704,4.935
"2012-06-17 23:00:00",803,5.847,51.83,4.952,0.281,0.168308,4.943,3.711,4.936
"2012-06-18 00:00:00",804,5.843,51.81,4.955,0.281,0.1684223,4.933,3.722,4.936
"2012-06-18 01:00:00",805,5.842,51.81,4.958,0.281,0.1684252,4.962,3.74,4.937
"2012-06-18 02:00:00",806,5.844,51.82,4.954,0.281,0.1684446,4.953,3.759,4.937
"2012-06-18 03:00:00",807,5.843,51.81,4.958,0.282,0.1683653,4.905,3.773,4.938
"2012-06-18 04:00:00",808,5.844,51.82,4.963,0.281,0.1682483,4.914,3.785,4.938
"2012-06-18 05:00:00",809,5.844,51.82,4.962,0.281,0.1684844,4.949,3.793,4.939
"2012-06-18 06:00:00",810,5.845,51.83,4.96,0.281,0.1683663,4.907,3.798,4.939
"2012-06-18 07:00:00",811,5.843,51.82,4.962,0.281,0.1683597,4.915,3.801,4.94
"2012-06-18 08:00:00",812,5.844,51.82,4.963,0.281,0.1684187,4.953,3.805,4.94
"2012-06-18 09:00:00",813,5.843,51.82,4.967,0.281,0.1684183,4.943,3.803,4.941
"2012-06-18 10:00:00",814,5.841,51.8,4.962,0.281,0.1683991,4.96,3.803,4.941
"2012-06-18 11:00:00",815,5.838,51.78,4.967,0.281,0.1683657,4.928,3.801,4.942
"2012-06-18 12:00:00",816,5.84,51.8,4.97,0.281,0.1684182,4.962,3.801,4.942
"2012-06-18 13:00:00",817,5.84,51.79,4.967,0.281,0.1683601,4.957,3.799,4.943
"2012-06-18 14:00:00",818,5.841,51.81,4.971,0.281,0.1683521,4.951,3.798,4.944
"2012-06-18 15:00:00",819,5.839,51.8,4.974,0.281,0.1683521,4.931,3.797,4.944
"2012-06-18 16:00:00",820,5.84,51.81,4.972,0.281,0.1682836,4.929,3.796,4.945
"2012-06-18 17:00:00",821,5.838,51.79,4.974,0.281,0.1683533,4.963,3.796,4.946
"2012-06-18 18:00:00",822,5.838,51.78,4.972,0.281,0.1683521,4.95,3.795,4.946
"2012-06-18 19:00:00",823,5.841,51.81,4.972,0.281,0.1683953,4.956,3.795,4.947
"2012-06-18 20:00:00",824,5.839,51.79,4.973,0.281,0.1683002,4.943,3.795,4.947
"2012-06-18 21:00:00",825,5.837,51.78,4.973,0.281,0.1681823,4.943,3.795,4.948
"2012-06-18 22:00:00",826,5.838,51.79,4.974,0.281,0.1682444,4.962,3.795,4.949
"2012-06-18 23:00:00",827,5.84,51.8,4.973,0.281,0.1682483,4.988,3.796,4.949
"2012-06-19 00:00:00",828,5.838,51.79,4.975,0.281,0.1682483,4.944,3.796,4.95
"2012-06-19 01:00:00",829,5.837,51.78,4.973,0.28,0.1682483,5.003,3.797,4.95
"2012-06-19 02:00:00",830,5.836,51.77,4.974,0.281,0.1682483,4.965,3.799,4.951
"2012-06-19 03:00:00",831,5.838,51.78,4.969,0.281,0.1682483,4.965,3.803,4.951
"2012-06-19 04:00:00",832,5.835,51.76,4.976,0.28,0.1681303,4.994,3.81,4.952
"2012-06-19 05:00:00",833,5.834,51.75,4.97,0.281,0.1681303,4.936,3.816,4.952
"2012-06-19 06:00:00",834,5.834,51.75,4.972,0.281,0.1680124,4.936,3.824,4.953
"2012-06-19 07:00:00",835,5.834,51.75,4.973,0.28,0.1680124,4.965,3.832,4.953
"2012-06-19 08:00:00",836,5.832,51.74,4.974,0.281,0.1682483,4.927,3.843,4.954
"2012-06-19 09:00:00",837,5.831,51.72,4.972,0.281,0.1682483,4.956,3.852,4.954
"2012-06-19 10:00:00",838,7.552,76.12,10.14,0.177,0.124041,10.07,0.119,10.14
"2012-06-19 11:00:00",839,7.984,80.9,10.35,0.177,0.1250353,10.35,0.119,10.23
"2012-06-19 12:00:00",840,8.34,84.8,10.53,0.177,0.1262706,10.69,0.12,10.39
"2012-06-19 13:00:00",841,5.749,51.51,5.36,0.28,0.1678831,4.945,3.903,4.957
"2012-06-19 14:00:00",842,5.825,51.68,4.979,0.28,0.1678805,4.979,3.907,4.957
"2012-06-19 15:00:00",843,5.821,51.65,4.98,0.281,0.167974,4.931,3.91,4.958
"2012-06-19 16:00:00",844,5.822,51.66,4.983,0.28,0.1678403,4.974,3.911,4.958
"2012-06-19 17:00:00",845,5.818,51.62,4.978,0.281,0.1680808,4.954,3.912,4.959
"2012-06-19 18:00:00",846,5.816,51.6,4.978,0.28,0.167858,4.969,3.912,4.959
"2012-06-19 19:00:00",847,5.815,51.59,4.978,0.28,0.1679982,4.95,3.912,4.96
"2012-06-19 20:00:00",848,5.809,51.55,4.984,0.28,0.1678804,4.959,3.911,4.96
"2012-06-19 21:00:00",849,5.805,51.51,4.985,0.28,0.1679119,4.965,3.911,4.961
"2012-06-19 22:00:00",850,5.803,51.5,4.988,0.28,0.1680643,4.991,3.909,4.961
"2012-06-19 23:00:00",851,5.799,51.46,4.986,0.281,0.1680643,4.924,3.907,4.962
"2012-06-20 00:00:00",852,5.801,51.47,4.983,0.281,0.1680643,4.943,3.905,4.962
"2012-06-20 01:00:00",853,5.794,51.42,4.986,0.281,0.1680692,4.924,3.902,4.963
"2012-06-20 02:00:00",854,5.79,51.39,4.993,0.281,0.1682139,4.962,3.9,4.964
"2012-06-20 03:00:00",855,5.788,51.37,4.991,0.281,0.1682337,4.972,3.897,4.964
"2012-06-20 04:00:00",856,5.785,51.34,4.992,0.281,0.168246,4.962,3.893,4.965
"2012-06-20 05:00:00",857,5.779,51.3,4.998,0.281,0.1682483,4.943,3.89,4.966
"2012-06-20 06:00:00",858,5.778,51.28,4.995,0.281,0.1682406,4.972,3.885,4.967
"2012-06-20 07:00:00",859,5.776,51.27,4.994,0.281,0.168449,4.972,3.883,4.967
"2012-06-20 08:00:00",860,5.771,51.23,4.999,0.281,0.1683008,4.953,3.879,4.968
"2012-06-20 09:00:00",861,5.768,51.19,4.996,0.281,0.1683003,4.972,3.875,4.969
"2012-06-20 10:00:00",862,5.768,51.19,4.994,0.281,0.1686024,4.948,3.871,4.97
"2012-06-20 11:00:00",863,5.761,51.14,4.999,0.281,0.1685881,4.96,3.868,4.971
"2012-06-20 12:00:00",864,5.76,51.13,4.996,0.282,0.1686727,4.94,3.864,4.972
"2012-06-20 13:00:00",865,5.759,51.11,4.995,0.281,0.1685219,4.982,3.859,4.973
"2012-06-20 14:00:00",866,5.752,51.06,4.997,0.281,0.1687246,4.986,3.854,4.974
"2012-06-20 15:00:00",867,5.75,51.04,4.997,0.282,0.1688419,4.947,3.85,4.975
"2012-06-20 16:00:00",868,5.747,51.02,4.997,0.282,0.1688114,4.983,3.845,4.976
"2012-06-20 17:00:00",869,5.744,50.99,5,0.281,0.1689274,5.008,3.841,4.977
"2012-06-20 18:00:00",870,5.741,50.96,5,0.282,0.1688159,4.96,3.837,4.978
"2012-06-20 19:00:00",871,5.74,50.96,4.998,0.282,0.1689316,4.985,3.832,4.979
"2012-06-20 20:00:00",872,5.735,50.91,5.002,0.282,0.1690164,4.992,3.828,4.98
"2012-06-20 21:00:00",873,5.734,50.91,5.005,0.282,0.1689842,5.012,3.824,4.981
"2012-06-20 22:00:00",874,5.729,50.87,5.01,0.282,0.1691767,4.953,3.82,4.982
"2012-06-20 23:00:00",875,5.73,50.87,5.009,0.282,0.1691931,4.963,3.816,4.983
"2012-06-21 00:00:00",876,5.724,50.83,5.013,0.283,0.1694294,4.975,3.812,4.984
"2012-06-21 01:00:00",877,5.723,50.82,5.013,0.282,0.1692519,4.966,3.808,4.985
"2012-06-21 02:00:00",878,5.72,50.8,5.017,0.283,0.169496,4.972,3.805,4.986
"2012-06-21 03:00:00",879,5.716,50.76,5.02,0.282,0.1693778,5.002,3.8,4.987
"2012-06-21 04:00:00",880,5.717,50.77,5.019,0.283,0.1693249,4.965,3.796,4.988
"2012-06-21 05:00:00",881,5.713,50.74,5.019,0.283,0.1695625,4.996,3.792,4.989
"2012-06-21 06:00:00",882,5.714,50.75,5.018,0.283,0.1695629,4.986,3.787,4.991
"2012-06-21 07:00:00",883,5.711,50.73,5.022,0.283,0.1697113,5.008,3.783,4.992
"2012-06-21 08:00:00",884,5.712,50.73,5.021,0.283,0.1696039,5.013,3.779,4.993
"2012-06-21 09:00:00",885,5.707,50.69,5.026,0.283,0.1696512,5.012,3.775,4.994
"2012-06-21 10:00:00",886,5.707,50.69,5.023,0.283,0.1697354,5.027,3.771,4.995
"2012-06-21 11:00:00",887,5.704,50.67,5.025,0.283,0.169886,5.006,3.766,4.996
"2012-06-21 12:00:00",888,5.705,50.68,5.024,0.283,0.1698396,4.976,3.762,4.997
"2012-06-21 13:00:00",889,5.702,50.65,5.027,0.283,0.1698921,5.03,3.757,4.998
"2012-06-21 14:00:00",890,5.704,50.66,5.023,0.283,0.1697717,5.005,3.752,4.999
"2012-06-21 15:00:00",891,5.702,50.64,5.021,0.283,0.1698568,5.031,3.748,5.001
"2012-06-21 16:00:00",892,5.703,50.65,5.021,0.283,0.1698895,5.024,3.744,5.002
"2012-06-21 17:00:00",893,5.702,50.64,5.024,0.283,0.1700076,5.005,3.741,5.003
"2012-06-21 18:00:00",894,5.698,50.61,5.028,0.283,0.1698896,5.006,3.738,5.004
"2012-06-21 19:00:00",895,5.696,50.6,5.028,0.283,0.1698896,5.011,3.735,5.005
"2012-06-21 20:00:00",896,5.699,50.62,5.023,0.283,0.169886,4.988,3.732,5.006
"2012-06-21 21:00:00",897,5.697,50.61,5.025,0.283,0.1698821,4.978,3.729,5.007
"2012-06-21 22:00:00",898,5.698,50.61,5.026,0.283,0.1700105,5.031,3.726,5.008
"2012-06-21 23:00:00",899,5.695,50.59,5.029,0.284,0.1700142,4.982,3.724,5.009
"2012-06-22 00:00:00",900,5.693,50.57,5.028,0.283,0.1698879,5.042,3.719,5.01
"2012-06-22 01:00:00",901,5.693,50.59,5.038,0.283,0.1699493,5.035,3.718,5.011
"2012-06-22 02:00:00",902,5.696,50.61,5.033,0.283,0.170072,5.011,3.716,5.012
"2012-06-22 03:00:00",903,5.693,50.59,5.036,0.283,0.170072,5.02,3.713,5.013
"2012-06-22 04:00:00",904,5.689,50.55,5.041,0.283,0.1699984,5.03,3.71,5.014
"2012-06-22 05:00:00",905,5.69,50.56,5.039,0.284,0.1701389,5.004,3.707,5.015
"2012-06-22 06:00:00",906,5.689,50.55,5.041,0.283,0.1700206,5.019,3.704,5.016
"2012-06-22 07:00:00",907,5.692,50.58,5.04,0.283,0.1700729,5.059,3.702,5.017
"2012-06-22 08:00:00",908,5.691,50.58,5.042,0.283,0.1701236,5.01,3.699,5.018
"2012-06-22 09:00:00",909,5.687,50.55,5.047,0.283,0.1699582,5.012,3.696,5.019
"2012-06-22 10:00:00",910,5.69,50.57,5.046,0.294,0.1763459,5.02,3.693,5.02
"2012-06-22 11:00:00",911,5.687,50.55,5.048,0.284,0.170166,5.01,3.691,5.021
"2012-06-22 12:00:00",912,5.689,50.56,5.044,0.283,0.1701171,5.034,3.688,5.022
"2012-06-22 13:00:00",913,5.692,50.59,5.044,0.283,0.170193,5.033,3.685,5.023
"2012-06-22 14:00:00",914,5.69,50.58,5.047,0.283,0.1700746,5.06,3.682,5.024
"2012-06-22 15:00:00",915,5.689,50.57,5.049,0.283,0.1701927,5.041,3.679,5.025
"2012-06-22 16:00:00",916,5.69,50.57,5.048,0.283,0.1701261,5.046,3.676,5.026
"2012-06-22 17:00:00",917,5.691,50.58,5.049,0.283,0.1702439,5.034,3.674,5.027
"2012-06-22 18:00:00",918,5.691,50.58,5.049,0.283,0.1701259,5.015,3.672,5.027
"2012-06-22 19:00:00",919,5.694,50.61,5.048,0.283,0.1701259,5.065,3.677,5.028
"2012-06-22 20:00:00",920,5.692,50.59,5.052,0.283,0.1702182,5.033,3.669,5.029
"2012-06-22 21:00:00",921,5.694,50.61,5.049,0.284,0.1702334,5.004,3.668,5.03
"2012-06-22 22:00:00",922,5.697,50.63,5.05,0.283,0.1702594,5.053,3.67,5.031
"2012-06-22 23:00:00",923,5.694,50.61,5.049,0.283,0.1702648,5.044,3.669,5.032
"2012-06-23 00:00:00",924,5.696,50.63,5.049,0.283,0.1700559,5.019,3.67,5.033
"2012-06-23 01:00:00",925,5.696,50.63,5.052,0.283,0.1700899,5.012,3.669,5.033
"2012-06-23 02:00:00",926,5.698,50.65,5.053,0.284,0.1702326,5.017,3.669,5.034
"2012-06-23 03:00:00",927,5.696,50.64,5.056,0.283,0.1701234,5.017,3.669,5.035
"2012-06-23 04:00:00",928,5.697,50.65,5.06,0.283,0.1701382,5.052,3.669,5.036
"2012-06-23 05:00:00",929,5.7,50.68,5.058,0.283,0.1701537,5.024,3.668,5.037
"2012-06-23 06:00:00",930,5.701,50.68,5.059,0.283,0.1701238,5.048,3.667,5.038
"2012-06-23 07:00:00",931,5.7,50.68,5.063,0.283,0.1700906,5.017,3.665,5.038
"2012-06-23 08:00:00",932,5.701,50.7,5.066,0.283,0.1701751,5.05,3.664,5.039
"2012-06-23 09:00:00",933,5.702,50.7,5.063,0.284,0.1702462,5.015,3.662,5.04
"2012-06-23 10:00:00",934,5.704,50.72,5.067,0.283,0.1701086,5.032,3.661,5.041
"2012-06-23 11:00:00",935,5.705,50.73,5.07,0.283,0.1701079,5.085,3.659,5.042
"2012-06-23 12:00:00",936,5.708,50.76,5.068,0.284,0.1702241,5.015,3.657,5.042
"2012-06-23 13:00:00",937,5.708,50.76,5.07,0.283,0.1701079,5.059,3.656,5.043
"2012-06-23 14:00:00",938,5.71,50.77,5.069,0.283,0.1701121,5.033,3.655,5.044
"2012-06-23 15:00:00",939,5.71,50.79,5.075,0.283,0.1700868,5.045,3.654,5.045
"2012-06-23 16:00:00",940,5.712,50.8,5.072,0.283,0.1701304,5.069,3.654,5.046
"2012-06-23 17:00:00",941,5.712,50.8,5.07,0.283,0.1701259,5.034,3.655,5.046
"2012-06-23 18:00:00",942,5.716,50.84,5.072,0.283,0.1702067,5.04,3.656,5.047
"2012-06-23 19:00:00",943,5.714,50.82,5.074,0.283,0.1702591,5.034,3.657,5.048
"2012-06-23 20:00:00",944,5.72,50.87,5.075,0.283,0.1701731,5.037,3.664,5.049
"2012-06-23 21:00:00",945,5.72,50.87,5.073,0.283,0.170207,5.06,3.677,5.049
"2012-06-23 22:00:00",946,5.725,50.92,5.074,0.283,0.170108,5.046,3.685,5.05
"2012-06-23 23:00:00",947,5.726,50.92,5.07,0.283,0.1701234,5.056,3.69,5.051
"2012-06-24 00:00:00",948,5.727,50.94,5.071,0.283,0.1701345,5.029,3.694,5.052
"2012-06-24 01:00:00",949,5.728,50.94,5.071,0.283,0.1700053,5.047,3.694,5.052
"2012-06-24 02:00:00",950,5.73,50.96,5.074,0.283,0.1700053,5.027,3.697,5.053
"2012-06-24 03:00:00",951,5.734,50.99,5.075,0.283,0.1700053,5.037,3.697,5.053
"2012-06-24 04:00:00",952,5.736,51.01,5.075,0.283,0.1698871,5.037,3.697,5.054
"2012-06-24 05:00:00",953,5.735,51.01,5.076,0.283,0.1698871,5.066,3.695,5.055
"2012-06-24 06:00:00",954,5.738,51.03,5.073,0.283,0.1700053,5.046,3.693,5.055
"2012-06-24 07:00:00",955,5.737,51.03,5.082,0.282,0.1698471,5.066,3.69,5.056
"2012-06-24 08:00:00",956,5.74,51.06,5.077,0.283,0.1699108,5.058,3.688,5.057
"2012-06-24 09:00:00",957,5.741,51.07,5.078,0.283,0.1698721,5.049,3.686,5.057
"2012-06-24 10:00:00",958,5.741,51.07,5.08,0.283,0.1699564,5.051,3.683,5.058
"2012-06-24 11:00:00",959,5.741,51.07,5.081,0.283,0.16989,5.066,3.68,5.059
"2012-06-24 12:00:00",960,5.741,51.08,5.087,0.282,0.1699887,5.091,3.677,5.06
"2012-06-24 13:00:00",961,5.74,51.08,5.092,0.283,0.1698585,5.05,3.675,5.06
"2012-06-24 14:00:00",962,5.746,51.12,5.086,0.282,0.1698563,5.086,3.673,5.061
"2012-06-24 15:00:00",963,5.745,51.11,5.091,0.283,0.1699412,5.053,3.672,5.062
"2012-06-24 16:00:00",964,5.746,51.13,5.088,0.282,0.1698231,5.07,3.672,5.062
"2012-06-24 17:00:00",965,5.746,51.13,5.092,0.283,0.1698231,5.03,3.673,5.063
"2012-06-24 18:00:00",966,5.747,51.14,5.092,0.282,0.1699607,5.101,3.674,5.064
"2012-06-24 19:00:00",967,5.749,51.16,5.096,0.282,0.1698893,5.092,3.675,5.065
"2012-06-24 20:00:00",968,5.752,51.18,5.092,0.282,0.1698333,5.078,3.677,5.065
"2012-06-24 21:00:00",969,5.749,51.16,5.097,0.282,0.1698712,5.094,3.679,5.066
"2012-06-24 22:00:00",970,5.751,51.17,5.095,0.282,0.1698132,5.063,3.68,5.066
"2012-06-24 23:00:00",971,5.751,51.18,5.096,0.282,0.1698534,5.083,3.68,5.067
"2012-06-25 00:00:00",972,5.756,51.23,5.097,0.283,0.1698536,5.056,3.681,5.067
"2012-06-25 01:00:00",973,5.756,51.22,5.095,0.282,0.1697687,5.066,3.68,5.068
"2012-06-25 02:00:00",974,5.757,51.23,5.096,0.282,0.1697688,5.075,3.68,5.068
"2012-06-25 03:00:00",975,5.758,51.24,5.094,0.283,0.1697688,5.046,3.679,5.069
"2012-06-25 04:00:00",976,5.762,51.28,5.096,0.282,0.1697762,5.088,3.677,5.069
"2012-06-25 05:00:00",977,5.76,51.26,5.093,0.282,0.1697999,5.062,3.675,5.07
"2012-06-25 06:00:00",978,5.759,51.25,5.097,0.282,0.1697173,5.039,3.673,5.071
"2012-06-25 07:00:00",979,5.76,51.26,5.097,0.282,0.1697724,5.09,3.672,5.071
"2012-06-25 08:00:00",980,5.76,51.26,5.096,0.282,0.1698221,5.099,3.67,5.072
"2012-06-25 09:00:00",981,5.76,51.26,5.097,0.283,0.1698678,5.059,3.668,5.072
"2012-06-25 10:00:00",982,5.763,51.28,5.095,0.282,0.1699078,5.089,3.666,5.073
"2012-06-25 11:00:00",983,5.763,51.29,5.098,0.282,0.1697717,5.092,3.664,5.074
"2012-06-25 12:00:00",984,5.762,51.28,5.098,0.282,0.1699502,5.096,3.661,5.074
"2012-06-25 13:00:00",985,5.765,51.31,5.098,0.283,0.1699411,5.051,3.659,5.075
"2012-06-25 14:00:00",986,5.763,51.29,5.102,0.282,0.1698202,5.104,3.656,5.075
"2012-06-25 15:00:00",987,5.766,51.31,5.099,0.282,0.1698998,5.125,3.656,5.076
"2012-06-25 16:00:00",988,5.764,51.3,5.103,0.282,0.1699379,5.084,3.656,5.077
"2012-06-25 17:00:00",989,5.765,51.31,5.103,0.282,0.1697048,5.089,3.657,5.077
"2012-06-25 18:00:00",990,5.768,51.34,5.103,0.282,0.1699452,5.11,3.659,5.078
"2012-06-25 19:00:00",991,5.767,51.33,5.103,0.282,0.1698562,5.097,3.661,5.078
"2012-06-25 20:00:00",992,5.767,51.33,5.106,0.282,0.1699058,5.103,3.664,5.079
"2012-06-25 21:00:00",993,5.768,51.34,5.104,0.282,0.1697726,5.087,3.666,5.079
"2012-06-25 22:00:00",994,5.767,51.33,5.105,0.282,0.169759,5.074,3.668,5.079
"2012-06-25 23:00:00",995,5.771,51.36,5.105,0.282,0.1697742,5.098,3.67,5.08
"2012-06-26 00:00:00",996,5.771,51.37,5.111,0.282,0.1698355,5.088,3.67,5.08
"2012-06-26 01:00:00",997,5.772,51.38,5.106,0.282,0.1696693,5.064,3.672,5.08
"2012-06-26 02:00:00",998,5.772,51.38,5.105,0.283,0.169835,5.056,3.672,5.08
"2012-06-26 03:00:00",999,5.773,51.39,5.11,0.282,0.1698355,5.068,3.672,5.081
"2012-06-26 04:00:00",1000,5.773,51.39,5.109,0.282,0.1697173,5.049,3.671,5.081
"2012-06-26 05:00:00",1001,5.773,51.39,5.107,0.283,0.1698355,5.058,3.671,5.081
"2012-06-26 06:00:00",1002,5.773,51.39,5.107,0.282,0.169806,5.101,3.674,5.082
"2012-06-26 07:00:00",1003,5.775,51.41,5.11,0.282,0.1698032,5.085,3.684,5.082
"2012-06-26 08:00:00",1004,5.773,51.4,5.117,0.282,0.1698907,5.1,3.688,5.083
"2012-06-26 09:00:00",1005,5.775,51.42,5.118,0.283,0.1699985,5.056,3.691,5.083
"2012-06-26 10:00:00",1006,5.776,51.42,5.113,0.282,0.1699401,5.118,3.692,5.084
"2012-06-26 11:00:00",1007,5.775,51.41,5.113,0.283,0.1698807,5.055,3.7,5.084
"2012-06-26 12:00:00",1008,5.776,51.43,5.115,0.283,0.1698869,5.056,3.72,5.084
"2012-06-26 13:00:00",1009,5.778,51.45,5.119,0.282,0.169889,5.087,3.745,5.085
"2012-06-26 14:00:00",1010,5.774,51.41,5.121,0.282,0.1697689,5.075,3.763,5.085
"2012-06-26 15:00:00",1011,5.781,51.47,5.114,0.282,0.1697689,5.056,3.778,5.085
"2012-06-26 16:00:00",1012,5.78,51.46,5.118,0.282,0.1698991,5.077,3.791,5.086
"2012-06-26 17:00:00",1013,5.779,51.46,5.119,0.282,0.1697173,5.088,3.804,5.086
"2012-06-26 18:00:00",1014,5.778,51.45,5.122,0.282,0.1697173,5.059,3.813,5.086
"2012-06-26 19:00:00",1015,5.78,51.47,5.118,0.282,0.1697173,5.059,3.821,5.086
"2012-06-26 20:00:00",1016,5.78,51.47,5.119,0.282,0.1695991,5.068,3.828,5.086
"2012-06-26 21:00:00",1017,5.783,51.49,5.117,0.282,0.1696645,5.088,3.833,5.086
"2012-06-26 22:00:00",1018,5.781,51.47,5.12,0.282,0.1697841,5.094,3.837,5.087
"2012-06-26 23:00:00",1019,5.78,51.47,5.121,0.282,0.1696659,5.071,3.839,5.087
"2012-06-27 00:00:00",1020,5.779,51.46,5.117,0.282,0.1697841,5.062,3.84,5.087
"2012-06-27 01:00:00",1021,5.778,51.45,5.119,0.282,0.1695476,5.081,3.839,5.088
"2012-06-27 02:00:00",1022,5.778,51.45,5.122,0.282,0.1696659,5.11,3.839,5.088
"2012-06-27 03:00:00",1023,5.777,51.44,5.117,0.282,0.1696659,5.081,3.839,5.088
"2012-06-27 04:00:00",1024,5.775,51.43,5.124,0.282,0.1696659,5.081,3.838,5.089
"2012-06-27 05:00:00",1025,5.777,51.44,5.12,0.282,0.1695476,5.081,3.837,5.089
"2012-06-27 06:00:00",1026,5.773,51.42,5.124,0.281,0.1695476,5.129,3.836,5.09
"2012-06-27 07:00:00",1027,5.773,51.41,5.125,0.282,0.1696659,5.071,3.834,5.091
"2012-06-27 08:00:00",1028,5.772,51.4,5.124,0.282,0.1696659,5.081,3.833,5.091
"2012-06-27 09:00:00",1029,5.773,51.41,5.123,0.282,0.1696659,5.113,3.831,5.092
"2012-06-27 10:00:00",1030,5.769,51.37,5.121,0.282,0.1696142,5.078,3.828,5.093
"2012-06-27 11:00:00",1031,5.771,51.39,5.121,0.282,0.1695992,5.059,3.826,5.093
"2012-06-27 12:00:00",1032,5.764,51.34,5.126,0.282,0.169542,5.103,3.823,5.094
"2012-06-27 13:00:00",1033,5.763,51.32,5.123,0.282,0.1696507,5.085,3.82,5.094
"2012-06-27 14:00:00",1034,5.76,51.29,5.122,0.282,0.1697041,5.128,3.817,5.095
"2012-06-27 15:00:00",1035,5.759,51.29,5.124,0.282,0.169555,5.102,3.813,5.096
"2012-06-27 16:00:00",1036,5.754,51.24,5.12,0.282,0.1696926,5.105,3.808,5.096
"2012-06-27 17:00:00",1037,5.749,51.2,5.122,0.281,0.1695508,5.121,3.805,5.097
"2012-06-27 18:00:00",1038,5.746,51.17,5.125,0.282,0.1696465,5.121,3.802,5.098
"2012-06-27 19:00:00",1039,5.742,51.13,5.121,0.282,0.1696389,5.081,3.798,5.098
"2012-06-27 20:00:00",1040,5.738,51.1,5.121,0.282,0.1697484,5.1,3.794,5.099
"2012-06-27 21:00:00",1041,5.732,51.04,5.123,0.282,0.1698334,5.114,3.79,5.1
"2012-06-27 22:00:00",1042,5.723,50.97,5.126,0.282,0.1697839,5.114,3.787,5.1
"2012-06-27 23:00:00",1043,5.722,50.96,5.123,0.282,0.1696998,5.071,3.783,5.101
"2012-06-28 00:00:00",1044,5.716,50.9,5.122,0.282,0.1699688,5.105,3.779,5.102
"2012-06-28 01:00:00",1045,5.712,50.87,5.123,0.282,0.1698509,5.109,3.776,5.103
"2012-06-28 02:00:00",1046,5.706,50.81,5.125,0.282,0.1700337,5.099,3.772,5.103
"2012-06-28 03:00:00",1047,5.701,50.77,5.125,0.282,0.1699178,5.103,3.768,5.104
"2012-06-28 04:00:00",1048,5.697,50.74,5.125,0.283,0.1701544,5.084,3.764,5.105
"2012-06-28 05:00:00",1049,5.692,50.69,5.125,0.283,0.1700357,5.093,3.76,5.106
"2012-06-28 06:00:00",1050,5.686,50.64,5.13,0.283,0.1702066,5.109,3.756,5.106
"2012-06-28 07:00:00",1051,5.682,50.61,5.129,0.282,0.1702061,5.136,3.752,5.107
"2012-06-28 08:00:00",1052,5.677,50.57,5.133,0.283,0.1704231,5.113,3.748,5.108
"2012-06-28 09:00:00",1053,5.672,50.52,5.128,0.283,0.1702574,5.1,3.744,5.109
"2012-06-28 10:00:00",1054,5.669,50.5,5.134,0.283,0.1702737,5.116,3.741,5.11
"2012-06-28 11:00:00",1055,5.665,50.46,5.135,0.283,0.1703284,5.114,3.736,5.11
"2012-06-28 12:00:00",1056,5.661,50.44,5.139,0.283,0.1705866,5.092,3.732,5.111
"2012-06-28 13:00:00",1057,5.657,50.39,5.138,0.283,0.1705475,5.1,3.726,5.112
"2012-06-28 14:00:00",1058,5.652,50.35,5.139,0.283,0.1705994,5.125,3.722,5.113
"2012-06-28 15:00:00",1059,5.648,50.32,5.142,0.283,0.1705984,5.121,3.717,5.114
"2012-06-28 16:00:00",1060,5.647,50.31,5.145,0.283,0.1705738,5.1,3.712,5.115
"2012-06-28 17:00:00",1061,5.646,50.3,5.144,0.283,0.1707849,5.162,3.709,5.116
"2012-06-28 18:00:00",1062,5.643,50.28,5.144,0.284,0.1706823,5.086,3.705,5.117
"2012-06-28 19:00:00",1063,5.641,50.26,5.147,0.283,0.1708345,5.13,3.702,5.118
"2012-06-28 20:00:00",1064,5.637,50.23,5.147,0.284,0.1709358,5.082,3.699,5.118
"2012-06-28 21:00:00",1065,5.637,50.23,5.147,0.284,0.1709366,5.122,3.697,5.119
"2012-06-28 22:00:00",1066,5.637,50.23,5.146,0.284,0.1709568,5.079,3.694,5.12
"2012-06-28 23:00:00",1067,5.635,50.21,5.147,0.283,0.1709571,5.158,3.692,5.121
"2012-06-29 00:00:00",1068,5.632,50.18,5.147,0.284,0.1709782,5.13,3.689,5.122
"2012-06-29 01:00:00",1069,5.632,50.18,5.144,0.284,0.1711372,5.106,3.686,5.123
"2012-06-29 02:00:00",1070,5.636,50.22,5.145,0.284,0.1711372,5.126,3.684,5.123
"2012-06-29 03:00:00",1071,5.631,50.18,5.149,0.284,0.1711502,5.117,3.681,5.124
"2012-06-29 04:00:00",1072,5.632,50.19,5.148,0.284,0.1711466,5.107,3.678,5.125
"2012-06-29 05:00:00",1073,5.633,50.2,5.147,0.284,0.1713224,5.147,3.676,5.126
"2012-06-29 06:00:00",1074,5.631,50.18,5.148,0.284,0.1712045,5.124,3.672,5.127
"2012-06-29 07:00:00",1075,5.632,50.19,5.149,0.285,0.171375,5.117,3.67,5.128
"2012-06-29 08:00:00",1076,5.632,50.19,5.15,0.285,0.1718023,5.122,3.667,5.129
"2012-06-29 09:00:00",1077,5.634,50.2,5.149,0.284,0.1714251,5.143,3.664,5.129
"2012-06-29 10:00:00",1078,5.633,50.21,5.154,0.285,0.1714251,5.114,3.661,5.13
"2012-06-29 11:00:00",1079,5.636,50.23,5.153,0.284,0.1714983,5.18,3.659,5.131
"2012-06-29 12:00:00",1080,5.638,50.24,5.152,0.284,0.171646,5.166,3.656,5.132
"2012-06-29 13:00:00",1081,5.639,50.26,5.153,0.285,0.1716116,5.148,3.653,5.133
"2012-06-29 14:00:00",1082,5.637,50.25,5.16,0.285,0.1716119,5.138,3.65,5.134
"2012-06-29 15:00:00",1083,5.64,50.27,5.158,0.285,0.1717817,5.134,3.646,5.135
"2012-06-29 16:00:00",1084,5.638,50.26,5.161,0.285,0.1717809,5.159,3.644,5.135
"2012-06-29 17:00:00",1085,5.641,50.28,5.161,0.285,0.1717809,5.121,3.642,5.136
"2012-06-29 18:00:00",1086,5.642,50.3,5.163,0.285,0.1716762,5.106,3.639,5.137
"2012-06-29 19:00:00",1087,5.644,50.32,5.165,0.285,0.1717229,5.156,3.637,5.138
"2012-06-29 20:00:00",1088,5.645,50.32,5.166,0.285,0.1717649,5.152,3.636,5.139
"2012-06-29 21:00:00",1089,5.647,50.34,5.168,0.285,0.1717105,5.143,3.634,5.14
"2012-06-29 22:00:00",1090,5.647,50.35,5.171,0.285,0.1718943,5.133,3.632,5.141
"2012-06-29 23:00:00",1091,5.648,50.36,5.174,0.285,0.1719088,5.138,3.631,5.141
"2012-06-30 00:00:00",1092,5.651,50.38,5.17,0.285,0.171848,5.145,3.629,5.142
"2012-06-30 01:00:00",1093,5.655,50.42,5.169,0.285,0.171848,5.136,3.628,5.143
"2012-06-30 02:00:00",1094,5.657,50.43,5.169,0.285,0.1719124,5.117,3.627,5.144
"2012-06-30 03:00:00",1095,5.657,50.44,5.171,0.285,0.1720343,5.156,3.625,5.144
"2012-06-30 04:00:00",1096,5.658,50.45,5.174,0.285,0.1720343,5.187,3.623,5.145
"2012-06-30 05:00:00",1097,5.664,50.5,5.172,0.285,0.1720343,5.149,3.621,5.146
"2012-06-30 06:00:00",1098,5.665,50.52,5.174,0.285,0.1720343,5.149,3.62,5.147
"2012-06-30 07:00:00",1099,5.666,50.52,5.172,0.286,0.1721529,5.117,3.618,5.147
"2012-06-30 08:00:00",1100,5.672,50.57,5.17,0.285,0.1720216,5.148,3.616,5.148
"2012-06-30 09:00:00",1101,5.672,50.57,5.172,0.286,0.1721911,5.15,3.614,5.149
"2012-06-30 10:00:00",1102,5.674,50.59,5.169,0.286,0.1722256,5.136,3.612,5.15
"2012-06-30 11:00:00",1103,5.673,50.59,5.174,0.286,0.1721836,5.147,3.61,5.15
"2012-06-30 12:00:00",1104,5.678,50.63,5.17,0.285,0.1722544,5.192,3.607,5.151
"2012-06-30 13:00:00",1105,5.679,50.64,5.176,0.286,0.1722544,5.159,3.605,5.152
"2012-06-30 14:00:00",1106,5.681,50.66,5.176,0.285,0.1723602,5.188,3.602,5.152
"2012-06-30 15:00:00",1107,5.686,50.7,5.175,0.286,0.1723057,5.132,3.601,5.153
"2012-06-30 16:00:00",1108,5.686,50.71,5.176,0.286,0.1723377,5.133,3.599,5.154
"2012-06-30 17:00:00",1109,5.691,50.74,5.173,0.286,0.1723478,5.154,3.598,5.155
"2012-06-30 18:00:00",1110,5.693,50.76,5.174,0.286,0.1724258,5.162,3.596,5.155
"2012-06-30 19:00:00",1111,5.691,50.76,5.18,0.285,0.1723703,5.196,3.597,5.156
"2012-06-30 20:00:00",1112,5.695,50.79,5.186,0.286,0.1722665,5.133,3.596,5.157
"2012-06-30 21:00:00",1113,5.698,50.83,5.188,0.286,0.1724735,5.151,3.596,5.158
"2012-06-30 22:00:00",1114,5.702,50.85,5.178,0.286,0.1724341,5.154,3.596,5.158
"2012-06-30 23:00:00",1115,5.7,50.84,5.185,0.286,0.1723468,5.123,3.596,5.159
"2012-07-01 00:00:00",1116,5.702,50.87,5.189,0.286,0.172369,5.133,3.595,5.159
"2012-07-01 01:00:00",1117,5.705,50.89,5.19,0.286,0.1724854,5.133,3.598,5.16
"2012-07-01 02:00:00",1118,5.708,50.92,5.191,0.286,0.1724915,5.133,3.597,5.161
"2012-07-01 03:00:00",1119,5.709,50.94,5.195,0.286,0.1724915,5.143,3.601,5.161
"2012-07-01 04:00:00",1120,5.712,50.96,5.191,0.286,0.1724916,5.201,3.608,5.162
"2012-07-01 05:00:00",1121,5.716,50.99,5.19,0.286,0.1724916,5.172,3.613,5.162
"2012-07-01 06:00:00",1122,5.717,51,5.194,0.286,0.1724916,5.133,3.614,5.163
"2012-07-01 07:00:00",1123,5.72,51.03,5.193,0.286,0.1724916,5.143,3.614,5.163
"2012-07-01 08:00:00",1124,5.722,51.05,5.193,0.286,0.1726102,5.143,3.615,5.164
"2012-07-01 09:00:00",1125,5.724,51.07,5.194,0.286,0.1724659,5.162,3.615,5.164
"2012-07-01 10:00:00",1126,5.728,51.1,5.194,0.286,0.172571,5.133,3.616,5.165
"2012-07-01 11:00:00",1127,5.73,51.12,5.193,0.286,0.1725695,5.171,3.613,5.165
"2012-07-01 12:00:00",1128,5.73,51.13,5.198,0.286,0.1726272,5.17,3.612,5.166
"2012-07-01 13:00:00",1129,5.733,51.15,5.194,0.286,0.1724745,5.165,3.611,5.166
"2012-07-01 14:00:00",1130,5.735,51.17,5.195,0.286,0.1725591,5.148,3.608,5.167
"2012-07-01 15:00:00",1131,5.737,51.18,5.195,0.286,0.1725591,5.147,3.607,5.167
"2012-07-01 16:00:00",1132,5.738,51.19,5.196,0.286,0.1724938,5.145,3.604,5.168
"2012-07-01 17:00:00",1133,5.741,51.22,5.197,0.286,0.1725427,5.173,3.603,5.168
"2012-07-01 18:00:00",1134,5.741,51.22,5.198,0.286,0.1726801,5.181,3.602,5.169
"2012-07-01 19:00:00",1135,5.741,51.23,5.198,0.286,0.1725753,5.184,3.602,5.169
"2012-07-01 20:00:00",1136,5.743,51.24,5.196,0.286,0.1726939,5.162,3.603,5.17
"2012-07-01 21:00:00",1137,5.748,51.29,5.2,0.286,0.1726099,5.152,3.603,5.17
"2012-07-01 22:00:00",1138,5.749,51.29,5.199,0.286,0.1724916,5.182,3.605,5.171
"2012-07-01 23:00:00",1139,5.75,51.31,5.198,0.286,0.1727644,5.18,3.606,5.172
"2012-07-02 00:00:00",1140,5.753,51.33,5.199,0.286,0.1726171,5.158,3.606,5.172
"2012-07-02 01:00:00",1141,5.755,51.35,5.198,0.286,0.1726174,5.186,3.605,5.173
"2012-07-02 02:00:00",1142,5.758,51.37,5.198,0.286,0.1726131,5.155,3.605,5.173
"2012-07-02 03:00:00",1143,5.759,51.39,5.198,0.286,0.1725013,5.148,3.603,5.173
"2012-07-02 04:00:00",1144,5.761,51.41,5.199,0.286,0.172729,5.178,3.602,5.174
"2012-07-02 05:00:00",1145,5.76,51.4,5.202,0.286,0.1726434,5.151,3.601,5.174
"2012-07-02 06:00:00",1146,5.764,51.43,5.199,0.286,0.1727913,5.183,3.598,5.175
"2012-07-02 07:00:00",1147,5.763,51.43,5.199,0.286,0.1727805,5.163,3.597,5.176
"2012-07-02 08:00:00",1148,5.769,51.47,5.198,0.286,0.1727442,5.189,3.595,5.176
"2012-07-02 09:00:00",1149,5.767,51.46,5.204,0.286,0.1728476,5.192,3.593,5.177
"2012-07-02 10:00:00",1150,5.766,51.46,5.201,0.286,0.1728139,5.181,3.591,5.177
"2012-07-02 11:00:00",1151,5.771,51.5,5.205,0.286,0.1728446,5.199,3.59,5.178
"2012-07-02 12:00:00",1152,5.769,51.48,5.207,0.287,0.1729153,5.168,3.587,5.178
"2012-07-02 13:00:00",1153,5.771,51.51,5.207,0.286,0.1728552,5.175,3.585,5.179
"2012-07-02 14:00:00",1154,5.771,51.5,5.21,0.286,0.1728467,5.199,3.584,5.179
"2012-07-02 15:00:00",1155,5.774,51.53,5.21,0.286,0.1728467,5.188,3.581,5.18
"2012-07-02 16:00:00",1156,5.775,51.54,5.211,0.286,0.1729334,5.197,3.579,5.181
"2012-07-02 17:00:00",1157,5.776,51.56,5.209,0.287,0.1728976,5.169,3.578,5.181
"2012-07-02 18:00:00",1158,5.776,51.55,5.211,0.287,0.1727274,5.14,3.578,5.182
"2012-07-02 19:00:00",1159,5.779,51.58,5.211,0.286,0.1729181,5.196,3.577,5.183
"2012-07-02 20:00:00",1160,5.782,51.61,5.211,0.287,0.1729488,5.183,3.577,5.183
"2012-07-02 21:00:00",1161,5.78,51.6,5.216,0.286,0.1729272,5.186,3.577,5.184
"2012-07-02 22:00:00",1162,5.783,51.62,5.214,0.287,0.1729696,5.155,3.577,5.184
"2012-07-02 23:00:00",1163,5.784,51.63,5.215,0.287,0.1730343,5.194,3.577,5.185
"2012-07-03 00:00:00",1164,5.784,51.63,5.217,0.287,0.1730534,5.165,3.576,5.185
"2012-07-03 01:00:00",1165,5.786,51.66,5.221,0.287,0.1730973,5.184,3.575,5.186
"2012-07-03 02:00:00",1166,5.79,51.69,5.218,0.287,0.1729837,5.174,3.575,5.186
"2012-07-03 03:00:00",1167,5.788,51.67,5.215,0.287,0.1731024,5.197,3.573,5.187
"2012-07-03 04:00:00",1168,5.79,51.69,5.22,0.287,0.1731024,5.197,3.572,5.187
"2012-07-03 05:00:00",1169,5.793,51.71,5.218,0.287,0.1731024,5.199,3.571,5.188
"2012-07-03 06:00:00",1170,5.792,51.71,5.219,0.287,0.1731701,5.175,3.57,5.188
"2012-07-03 07:00:00",1171,5.793,51.72,5.22,0.287,0.1732719,5.194,3.57,5.189
"2012-07-03 08:00:00",1172,5.794,51.72,5.22,0.287,0.1731531,5.165,3.569,5.189
"2012-07-03 09:00:00",1173,5.794,51.73,5.221,0.287,0.1730947,5.199,3.568,5.19
"2012-07-03 10:00:00",1174,5.795,51.74,5.223,0.287,0.1731981,5.172,3.568,5.19
"2012-07-03 11:00:00",1175,5.799,51.77,5.218,0.287,0.1732879,5.162,3.569,5.191
"2012-07-03 12:00:00",1176,5.798,51.75,5.217,0.287,0.173322,5.201,3.573,5.191
"2012-07-03 13:00:00",1177,5.8,51.78,5.22,0.287,0.1731967,5.162,3.577,5.192
"2012-07-03 14:00:00",1178,5.803,51.81,5.224,0.287,0.1732855,5.176,3.579,5.192
"2012-07-03 15:00:00",1179,5.803,51.81,5.22,0.287,0.1733459,5.172,3.58,5.193
"2012-07-03 16:00:00",1180,5.805,51.83,5.221,0.287,0.1733598,5.191,3.579,5.193
"2012-07-03 17:00:00",1181,5.806,51.83,5.223,0.287,0.1731569,5.164,3.577,5.193
"2012-07-03 18:00:00",1182,5.806,51.84,5.224,0.287,0.173441,5.201,3.577,5.194
"2012-07-03 19:00:00",1183,5.807,51.85,5.222,0.287,0.1733245,5.163,3.576,5.194
"2012-07-03 20:00:00",1184,5.809,51.86,5.221,0.287,0.1732715,5.193,3.576,5.195
"2012-07-03 21:00:00",1185,5.808,51.86,5.224,0.287,0.1732789,5.194,3.575,5.195
"2012-07-03 22:00:00",1186,5.81,51.88,5.224,0.287,0.1733916,5.165,3.576,5.196
"2012-07-03 23:00:00",1187,5.811,51.88,5.221,0.287,0.1732722,5.184,3.574,5.196
"2012-07-04 00:00:00",1188,5.814,51.91,5.224,0.287,0.1733049,5.194,3.572,5.196
"2012-07-04 01:00:00",1189,5.814,51.91,5.22,0.287,0.1734588,5.186,3.572,5.197
"2012-07-04 02:00:00",1190,5.815,51.92,5.22,0.287,0.1733719,5.226,3.57,5.197
"2012-07-04 03:00:00",1191,5.815,51.91,5.221,0.288,0.1735272,5.174,3.57,5.198
"2012-07-04 04:00:00",1192,5.816,51.92,5.223,0.287,0.173357,5.178,3.568,5.198
"2012-07-04 05:00:00",1193,5.817,51.93,5.222,0.287,0.1735957,5.201,3.567,5.199
"2012-07-04 06:00:00",1194,5.819,51.95,5.223,0.287,0.1733579,5.177,3.566,5.2
"2012-07-04 07:00:00",1195,5.82,51.96,5.222,0.287,0.1735348,5.207,3.564,5.2
"2012-07-04 08:00:00",1196,5.819,51.96,5.224,0.287,0.1735188,5.198,3.563,5.201
"2012-07-04 09:00:00",1197,5.821,51.97,5.221,0.287,0.1735601,5.202,3.562,5.201
"2012-07-04 10:00:00",1198,5.824,51.99,5.22,0.287,0.1735215,5.201,3.56,5.202
"2012-07-04 11:00:00",1199,5.825,52.01,5.223,0.287,0.1736148,5.213,3.558,5.202
"2012-07-04 12:00:00",1200,5.824,52,5.225,0.287,0.1736985,5.21,3.556,5.203
"2012-07-04 13:00:00",1201,5.825,52.02,5.226,0.288,0.1736726,5.188,3.555,5.204
"2012-07-04 14:00:00",1202,5.826,52.01,5.224,0.287,0.1735419,5.212,3.552,5.204
"2012-07-04 15:00:00",1203,5.825,52.02,5.23,0.288,0.1737451,5.197,3.55,5.205
"2012-07-04 16:00:00",1204,5.826,52.03,5.228,0.288,0.173745,5.185,3.548,5.205
"2012-07-04 17:00:00",1205,5.829,52.05,5.228,0.288,0.1738335,5.204,3.547,5.206
"2012-07-04 18:00:00",1206,5.827,52.04,5.23,0.287,0.1737375,5.224,3.545,5.206
"2012-07-04 19:00:00",1207,5.829,52.05,5.231,0.288,0.173876,5.186,3.544,5.207
"2012-07-04 20:00:00",1208,5.83,52.07,5.235,0.288,0.1738726,5.183,3.544,5.208
"2012-07-04 21:00:00",1209,5.832,52.08,5.235,0.288,0.1738527,5.197,3.543,5.208
"2012-07-04 22:00:00",1210,5.831,52.08,5.234,0.288,0.1738139,5.196,3.542,5.209
"2012-07-04 23:00:00",1211,5.832,52.09,5.234,0.288,0.1739611,5.197,3.542,5.209
"2012-07-05 00:00:00",1212,5.834,52.11,5.233,0.288,0.1738838,5.183,3.54,5.21
"2012-07-05 01:00:00",1213,5.834,52.11,5.24,0.288,0.173765,5.215,3.54,5.21
"2012-07-05 02:00:00",1214,5.835,52.12,5.239,0.288,0.1740713,5.207,3.539,5.211
"2012-07-05 03:00:00",1215,5.837,52.14,5.24,0.288,0.1738336,5.211,3.538,5.211
"2012-07-05 04:00:00",1216,5.837,52.14,5.243,0.288,0.1740716,5.235,3.537,5.212
"2012-07-05 05:00:00",1217,5.836,52.14,5.243,0.288,0.1739526,5.206,3.536,5.212
"2012-07-05 06:00:00",1218,5.84,52.17,5.242,0.288,0.1740723,5.197,3.535,5.213
"2012-07-05 07:00:00",1219,5.84,52.17,5.246,0.288,0.1741376,5.219,3.533,5.213
"2012-07-05 08:00:00",1220,5.841,52.18,5.242,0.288,0.1740411,5.212,3.532,5.214
"2012-07-05 09:00:00",1221,5.841,52.18,5.244,0.288,0.1740489,5.201,3.535,5.214
"2012-07-05 10:00:00",1222,5.842,52.19,5.245,0.288,0.1741207,5.2,3.53,5.215
"2012-07-05 11:00:00",1223,5.842,52.19,5.246,0.288,0.1741393,5.227,3.528,5.215
"2012-07-05 12:00:00",1224,5.843,52.2,5.244,0.288,0.1742201,5.234,3.526,5.216
"2012-07-05 13:00:00",1225,5.845,52.21,5.243,0.288,0.1741514,5.218,3.525,5.216
"2012-07-05 14:00:00",1226,5.848,52.24,5.246,0.288,0.1741228,5.244,3.523,5.217
"2012-07-05 15:00:00",1227,5.848,52.24,5.246,0.288,0.174234,5.23,3.524,5.217
"2012-07-05 16:00:00",1228,5.849,52.25,5.242,0.288,0.1742122,5.228,3.519,5.218
"2012-07-05 17:00:00",1229,5.85,52.26,5.246,0.288,0.1742015,5.254,3.518,5.219
"2012-07-05 18:00:00",1230,5.853,52.28,5.242,0.289,0.1743214,5.206,3.517,5.219
"2012-07-05 19:00:00",1231,5.852,52.28,5.248,0.288,0.1742608,5.232,3.516,5.22
"2012-07-05 20:00:00",1232,5.852,52.28,5.244,0.289,0.1742412,5.186,3.516,5.22
"2012-07-05 21:00:00",1233,5.854,52.3,5.244,0.288,0.1743609,5.235,3.515,5.221
"2012-07-05 22:00:00",1234,5.854,52.3,5.247,0.288,0.1741766,5.204,3.515,5.221
"2012-07-05 23:00:00",1235,5.853,52.29,5.247,0.288,0.1743413,5.223,3.515,5.222
"2012-07-06 00:00:00",1236,5.857,52.33,5.247,0.289,0.1744095,5.223,3.514,5.222
"2012-07-06 01:00:00",1237,5.859,52.34,5.247,0.289,0.1744101,5.216,3.514,5.223
"2012-07-06 02:00:00",1238,5.861,52.36,5.246,0.288,0.1743292,5.226,3.513,5.223
"2012-07-06 03:00:00",1239,5.859,52.34,5.245,0.289,0.1743591,5.21,3.513,5.224
"2012-07-06 04:00:00",1240,5.863,52.37,5.242,0.288,0.1743598,5.233,3.512,5.224
"2012-07-06 05:00:00",1241,5.86,52.36,5.249,0.288,0.1743711,5.235,3.511,5.225
"2012-07-06 06:00:00",1242,5.862,52.37,5.247,0.289,0.1745105,5.215,3.51,5.225
"2012-07-06 07:00:00",1243,5.867,52.41,5.248,0.288,0.174546,5.278,3.509,5.226
"2012-07-06 08:00:00",1244,5.867,52.41,5.245,0.289,0.1744614,5.224,3.508,5.226
"2012-07-06 09:00:00",1245,5.866,52.41,5.249,0.289,0.1744938,5.22,3.507,5.227
"2012-07-06 10:00:00",1246,5.868,52.43,5.249,0.289,0.1745288,5.229,3.506,5.227
