"TOA5","Nyack HA15 Spring","CR1000","43358","CR1000.Std.22","CPU:Nyack_HA15_corrected test.CR1","12309","Table1"
"TIMESTAMP","RECORD","DoConc7","DoSat7","DO_W_T7","Cond7","Ct7","Cond_W_T7","Lvl_m7","Lvl_W_T7","DoConc8","DoSat8","Do_W_T8","Cond_8","Ct_8","Cond_W_T8","Lvl_m_8","Lvl_W_T8"
"TS","RN","mg/L","%","oC","mS/cm","mS/cm","Deg C","meters","deg C","mg/L","%","oC","mS/cm","mS/cm","Deg C","meters","deg C"
"","","Smp","Smp","Smp","Smp","Smp","Smp","Smp","Smp","Smp","Smp","Smp","Smp","Smp","Smp","Smp","Smp"
"2012-04-10 09:40:00",0,"NAN",0,0,"NAN","NAN",-108.9,"NAN",0,"NAN",0,0,"NAN","NAN",-273.2,"NAN",0
"2012-04-10 09:45:00",1,"NAN",0,0,"NAN","NAN",-108.9,"NAN",0,"NAN",0,0,"NAN","NAN",-108.9,"NAN",0
"2012-04-10 09:50:00",2,"NAN",0,0,"NAN","NAN",-273.2,0.197,9.46,"NAN",0,0,"NAN","NAN",-92.4,"NAN",0
"2012-04-10 09:55:00",3,"NAN",0,0,0.311,0.2214379,10.57,0.197,9.53,"NAN",0,0,"NAN","NAN","NAN","NAN",0
"2012-04-10 10:00:00",4,"NAN",0,0,0.31,0.217419,10.09,0.198,9.74,"NAN",0,0,0.288,0.2041354,10.39,"NAN",0
"2012-04-10 10:05:00",5,"NAN",0,0,0.31,0.2177677,10.14,0.197,9.82,"NAN",0,0,0.29,0.2039871,10.19,"NAN",0
"2012-04-10 10:10:00",6,"NAN",0,0,0.301,0.2125356,10.3,0.199,9.98,"NAN",0,0,0.29,0.2037155,10.16,0.192,10.76
"2012-04-10 11:00:00",7,9.17,97.3,13.08,0.29,0.2092292,11.11,0.205,11,"NAN",0,0,0.284,0.2022416,10.58,0.201,10.9
"2012-04-10 11:05:00",8,9.32,97.3,12.37,0.288,0.2084912,11.22,0.205,11.11,"NAN",0,0,0.281,0.2021163,10.95,0.201,11.02
"2012-04-10 11:10:00",9,"NAN",97.3,12.06,0.289,0.2100912,11.29,0.211,11.21,"NAN",0,0,0.281,0.2038713,11.23,0.208,11.19
"2012-04-10 11:15:00",10,9.47,97.7,11.86,0.288,0.2098448,11.41,0.211,11.35,9.39,99.7,13.13,0.281,0.2039967,11.29,0.208,11.3
"2012-04-24 15:15:00",11,7.574,66.92,5.452,0.233,0.1395789,4.912,4.402,4.874,5.918,52.99,5.977,0.278,0.1713519,5.856,0.615,5.689
"2012-04-24 15:20:00",12,7.646,67.16,5.227,0.233,0.1396799,4.912,4.402,4.876,5.965,53.34,5.925,0.277,0.1712298,5.856,0.616,5.797
"2012-04-24 15:25:00",13,7.678,67.22,5.099,0.234,0.1399719,4.873,4.402,4.873,5.814,52.03,5.95,0.277,0.1711084,5.837,0.616,5.718
"2012-04-24 15:30:00",14,7.702,67.32,5.03,0.234,0.1401067,4.883,4.402,4.871,5.778,51.8,6.024,0.278,0.1711115,5.817,0.615,5.688
"2012-04-24 15:35:00",15,7.715,67.36,4.988,0.235,0.1403203,4.893,4.401,4.871,5.837,52.33,6.023,0.277,0.170989,5.817,0.616,5.681
"2012-04-24 15:40:00",16,7.722,67.38,4.966,"NAN","NAN",4.922,4.401,4.87,6.076,54.49,6.037,0.277,0.1707476,5.875,0.615,5.734
"2012-04-24 15:45:00",17,7.723,67.36,4.952,"NAN","NAN",4.893,4.401,4.871,5.955,53.34,5.987,0.277,0.1707514,5.856,0.617,5.73
"2012-04-24 15:50:00",18,7.727,67.4,4.954,"NAN","NAN",4.883,4.402,4.871,5.92,53.01,5.972,0.277,0.1705124,5.818,0.614,5.694
"2012-04-24 15:55:00",19,7.725,67.36,4.944,"NAN","NAN",4.864,4.402,4.872,5.886,52.73,5.994,0.276,0.1700313,5.837,0.614,5.694
"2012-04-24 16:00:00",20,7.722,67.35,4.949,"NAN","NAN",4.922,4.402,4.872,5.861,52.52,6.005,0.275,0.1697947,5.827,0.617,5.696
"2012-04-24 16:05:00",21,7.726,67.37,4.941,"NAN","NAN",4.902,4.402,4.873,5.884,52.78,6.045,0.275,0.1697889,5.818,0.615,5.704
"2012-04-24 16:10:00",22,7.729,67.4,4.948,"NAN","NAN",4.893,4.403,4.873,5.877,52.72,6.041,0.275,0.1697866,5.846,0.617,5.712
"2012-04-24 16:15:00",23,7.724,67.35,4.94,"NAN","NAN",4.902,4.403,4.873,5.875,52.7,6.046,0.275,0.1697856,5.875,0.617,5.715
"2012-04-24 16:20:00",24,7.729,67.39,4.938,"NAN","NAN",4.893,4.403,4.874,5.837,52.3,5.996,0.276,0.1701459,5.818,0.614,5.705
"2012-04-24 16:25:00",25,7.722,67.34,4.943,"NAN","NAN",4.893,4.403,4.874,5.834,52.3,6.02,0.276,0.1700255,5.818,0.611,5.698
"2012-04-24 16:30:00",26,7.726,67.36,4.939,"NAN","NAN",4.912,4.403,4.875,5.839,52.34,6.014,0.276,0.1699052,5.798,0.619,5.675
"2012-04-24 16:35:00",27,7.73,67.4,4.937,"NAN","NAN",4.931,4.403,4.875,5.883,52.7,5.993,0.276,0.1697851,5.779,0.615,5.677
"2012-04-24 16:40:00",28,7.73,67.39,4.934,"NAN","NAN",4.902,4.404,4.876,5.893,52.75,5.963,0.276,0.1699052,5.789,0.613,5.686
"2012-04-24 16:45:00",29,7.729,67.39,4.939,"NAN","NAN",4.922,4.404,4.876,5.884,52.69,5.976,0.275,0.1696682,5.798,0.616,5.683
"2012-04-24 16:50:00",30,7.729,67.4,4.941,"NAN","NAN",4.902,4.405,4.876,5.831,52.18,5.948,0.276,0.1696663,5.789,0.616,5.677
"2012-04-24 16:55:00",31,7.724,67.34,4.932,"NAN","NAN",4.883,4.404,4.877,5.798,51.88,5.946,0.276,0.1694252,5.731,0.615,5.638
"2012-04-24 17:00:00",32,7.725,67.36,4.943,"NAN","NAN",4.922,4.405,4.877,5.758,51.52,5.947,0.276,0.169688,5.74,0.616,5.636
"2012-04-24 17:05:00",33,7.723,67.33,4.935,0.234,0.1399944,4.902,4.405,4.877,5.859,52.4,5.925,0.276,0.1698336,5.74,0.617,5.628
"2012-04-24 17:10:00",34,7.728,67.37,4.934,0.235,0.1402641,4.902,4.404,4.878,5.858,52.33,5.877,0.276,0.1697239,5.721,0.616,5.601
"2012-04-24 17:15:00",35,7.726,67.36,4.94,0.234,0.1402773,4.912,4.405,4.878,5.849,52.13,5.793,0.276,0.1692476,5.635,0.617,5.553
"2012-04-24 17:20:00",36,7.724,67.34,4.935,0.235,0.1403066,4.904,4.406,4.878,5.869,52.28,5.773,0.276,0.1690089,5.635,0.616,5.543
"2012-04-24 17:25:00",37,7.727,67.38,4.943,0.235,0.1402882,4.886,4.407,4.88,5.803,51.69,5.764,0.276,0.1688897,5.569,0.617,5.499
"2012-04-24 17:30:00",38,7.725,67.35,4.939,0.235,0.1402788,4.897,4.407,4.879,5.803,51.79,5.844,0.275,0.1683094,5.6,0.617,5.491
"2012-04-24 17:35:00",39,7.729,67.38,4.932,0.235,0.1403635,4.859,4.407,4.88,5.865,52.3,5.813,0.275,0.1680894,5.601,0.617,5.538
"2012-04-24 17:40:00",40,7.726,67.36,4.938,0.235,0.1402878,4.908,4.408,4.88,5.889,52.44,5.764,0.274,0.1681023,5.64,0.616,5.519
"2012-04-24 17:45:00",41,7.726,67.36,4.94,0.235,0.1403104,4.89,4.408,4.881,5.837,51.98,5.756,0.275,0.1681104,5.593,0.616,5.493
"2012-04-24 17:50:00",42,7.732,67.41,4.934,0.234,0.1401464,4.921,4.408,4.881,5.974,53.18,5.747,0.275,0.1678738,5.576,0.617,5.509
"2012-04-24 17:55:00",43,7.723,67.34,4.939,0.235,0.1402123,4.865,4.408,4.882,5.956,53.06,5.777,0.273,0.167175,5.606,0.617,5.519
"2012-04-24 18:00:00",44,7.729,67.38,4.934,0.235,0.140346,4.885,4.409,4.882,6.036,53.77,5.774,0.273,0.1672902,5.646,0.617,5.53
"2012-04-24 18:05:00",45,7.725,67.36,4.939,0.235,0.1403185,4.868,4.409,4.882,5.953,53.06,5.794,0.273,0.1674053,5.639,0.616,5.525
"2012-04-24 18:10:00",46,7.726,67.36,4.937,0.235,0.1403211,4.899,4.409,4.882,6.126,54.57,5.775,0.273,0.1672888,5.621,0.617,5.533
"2012-04-24 18:15:00",47,7.728,67.38,4.934,0.234,0.1402547,4.91,4.41,4.883,5.955,53.02,5.752,0.273,0.1674293,5.632,0.617,5.523
"2012-04-24 18:20:00",48,7.727,67.36,4.936,0.235,0.1402325,4.882,4.41,4.884,5.843,51.92,5.673,0.273,0.1669657,5.565,0.617,5.429
"2012-04-24 18:25:00",49,7.72,67.31,4.937,0.235,0.140244,4.892,4.41,4.883,5.94,52.75,5.654,0.274,0.1669755,5.518,0.617,5.42
"2012-04-24 18:30:00",50,7.724,67.35,4.939,0.235,0.1402926,4.883,4.41,4.885,5.911,52.42,5.601,0.274,0.1668596,5.489,0.617,5.396
"2012-04-24 18:35:00",51,7.73,67.39,4.931,0.235,0.1402285,4.893,4.411,4.884,5.929,52.55,5.574,0.274,0.1668613,5.49,0.616,5.373
"2012-04-24 18:40:00",52,7.731,67.39,4.929,0.235,0.1402417,4.883,4.411,4.885,5.941,52.65,5.573,0.273,0.166742,5.5,0.616,5.365
"2012-04-24 18:45:00",53,7.732,67.4,4.931,0.234,0.1401734,4.893,4.411,4.885,5.937,52.59,5.554,0.274,0.1666225,5.442,0.617,5.353
"2012-04-24 18:50:00",54,7.728,67.37,4.932,0.235,0.1402071,4.875,4.412,4.886,5.899,52.22,5.53,0.273,0.1661437,5.414,0.616,5.323
"2012-04-24 18:55:00",55,7.724,67.34,4.934,0.234,0.1400544,4.886,4.412,4.886,5.892,52.09,5.477,0.273,0.165665,5.377,0.617,5.292
"2012-04-24 19:00:00",56,7.729,67.39,4.937,0.235,0.1402583,4.867,4.412,4.886,5.905,52.17,5.454,0.273,0.1655454,5.349,0.617,5.274
"2012-04-24 19:05:00",57,7.729,67.37,4.931,0.234,0.1402593,4.916,4.413,4.887,5.877,51.91,5.441,0.273,0.1654258,5.321,0.618,5.232
"2012-04-24 19:10:00",58,7.725,67.34,4.93,0.234,0.1401248,4.878,4.413,4.887,5.834,51.46,5.385,0.273,0.1650723,5.273,0.617,5.194
"2012-04-24 19:15:00",59,7.727,67.36,4.932,0.234,0.1401586,4.898,4.413,4.887,5.864,51.69,5.355,0.273,0.1647263,5.206,0.617,5.169
"2012-04-24 19:20:00",60,7.722,67.33,4.941,0.234,0.1401025,4.879,4.414,4.888,5.834,51.39,5.329,0.272,0.1643749,5.187,0.617,5.13
"2012-04-24 19:25:00",61,7.725,67.34,4.932,0.234,0.14008,4.879,4.414,4.888,5.773,50.78,5.281,0.272,0.1641403,5.168,0.617,5.085
"2012-04-24 19:30:00",62,7.727,67.36,4.933,0.234,0.140125,4.898,4.415,4.888,5.759,50.6,5.233,0.272,0.1636645,5.12,0.617,5.059
"2012-04-24 19:35:00",63,7.726,67.36,4.937,0.234,0.1400688,4.918,4.415,4.888,5.805,51,5.23,0.271,0.1635459,5.129,0.617,5.051
"2012-04-24 19:40:00",64,7.727,67.37,4.934,0.234,0.1400463,4.927,4.415,4.889,5.861,51.48,5.22,0.272,0.1634269,5.072,0.617,5.047
"2012-04-24 19:45:00",65,7.725,67.36,4.939,0.234,0.1400102,4.87,4.415,4.89,5.833,51.17,5.181,0.271,0.1630879,5.072,0.618,5.048
"2012-04-24 19:50:00",66,7.724,67.34,4.934,0.234,0.14004,4.88,4.416,4.89,5.816,51,5.16,0.271,0.1629764,5.054,0.617,5.027
"2012-04-24 19:55:00",67,7.727,67.36,4.929,0.234,0.1400351,4.882,4.417,4.89,5.841,51.19,5.135,0.271,0.1628603,5.036,0.617,5.024
"2012-04-24 20:00:00",68,7.727,67.36,4.934,0.234,0.1400148,4.902,4.417,4.89,5.847,51.23,5.131,0.271,0.162742,5.027,0.617,5.018
"2012-04-24 20:05:00",69,7.731,67.39,4.933,0.234,0.1400836,4.903,4.418,4.891,5.894,51.62,5.111,0.271,0.1627428,5.009,0.618,5.021
"2012-04-24 20:10:00",70,7.728,67.38,4.94,0.234,0.1400842,4.923,4.418,4.891,5.906,51.72,5.106,0.271,0.162743,5.01,0.617,5.03
"2012-04-24 20:15:00",71,7.726,67.37,4.942,0.234,0.1400395,4.895,4.418,4.892,5.93,51.96,5.13,0.271,0.1627431,5.039,0.618,5.044
"2012-04-24 20:20:00",72,7.724,67.34,4.935,0.234,0.1399946,4.866,4.419,4.892,6.018,52.77,5.154,0.272,0.1629816,5.001,0.617,5.042
"2012-04-24 20:25:00",73,7.726,67.36,4.934,0.234,0.1399834,4.895,4.419,4.893,6.082,53.34,5.159,0.271,0.163101,5.078,0.618,5.056
"2012-04-24 20:30:00",74,7.724,67.34,4.933,0.234,0.1400656,4.905,4.42,4.893,6.155,54.1,5.255,0.271,0.1628624,5.088,0.618,5.076
"2012-04-24 20:35:00",75,7.726,67.36,4.935,0.234,0.1400015,4.896,4.42,4.894,6.225,54.73,5.264,0.27,0.1626239,5.107,0.618,5.088
"2012-04-24 20:40:00",76,7.723,67.33,4.934,0.234,0.1399869,4.896,4.421,4.894,6.348,55.84,5.284,0.27,0.162392,5.117,0.618,5.109
"2012-04-24 20:45:00",77,7.728,67.37,4.933,0.234,0.139933,4.867,4.421,4.895,6.696,58.99,5.343,0.267,0.1608404,5.117,0.618,5.133
"2012-04-24 20:50:00",78,7.727,67.37,4.937,0.234,0.1400118,4.877,4.421,4.896,6.418,56.52,5.328,0.271,0.1631135,5.146,0.618,5.128
"2012-04-24 20:55:00",79,7.727,67.37,4.936,0.234,0.1399637,4.868,4.422,4.896,6.317,55.63,5.328,0.272,0.1639553,5.147,0.618,5.12
"2012-04-24 21:00:00",80,7.726,67.36,4.939,0.234,0.1399363,4.888,4.423,4.896,6.893,60.79,5.38,0.269,0.161934,5.119,0.618,5.153
"2012-04-24 21:05:00",81,7.728,67.38,4.934,0.234,0.1399705,4.869,4.423,4.897,7.358,64.94,5.407,0.272,0.1643305,5.206,0.618,5.208
"2012-04-24 21:10:00",82,7.73,67.39,4.935,0.234,0.139963,4.89,4.424,4.898,7.099,62.64,5.406,0.269,0.1627856,5.236,0.618,5.241
"2012-04-24 21:15:00",83,7.721,67.32,4.939,0.234,0.1398339,4.919,4.424,4.899,6.981,61.63,5.425,0.271,0.1639884,5.305,0.619,5.269
"2012-04-24 21:20:00",84,7.727,67.37,4.935,0.234,0.1399706,4.882,4.425,4.899,7.4,65.38,5.452,0.263,0.1593493,5.334,0.618,5.318
"2012-04-24 21:25:00",85,7.735,67.43,4.933,0.234,0.1399788,4.873,4.425,4.9,7.29,64.42,5.455,0.272,0.1653131,5.383,0.619,5.354
"2012-04-24 21:30:00",86,7.728,67.38,4.937,0.234,0.1399494,4.854,4.425,4.9,6.74,59.55,5.452,0.276,0.1677116,5.345,0.618,5.361
"2012-04-24 21:35:00",87,7.732,67.41,4.935,0.234,0.1401578,4.893,4.426,4.9,6.693,59.13,5.449,0.278,0.1690336,5.374,0.618,5.36
"2012-04-24 21:40:00",88,7.726,67.36,4.938,0.234,0.1399345,4.884,4.427,4.9,6.792,59.98,5.433,0.28,0.1702372,5.375,0.618,5.354
"2012-04-24 21:45:00",89,7.729,67.39,4.937,0.234,0.1400209,4.923,4.427,4.901,6.956,61.39,5.408,0.275,0.1668728,5.318,0.619,5.341
"2012-04-24 21:50:00",90,7.73,67.4,4.938,0.234,0.1400129,4.905,4.428,4.901,7.239,63.84,5.379,0.273,0.1655549,5.3,0.618,5.325
"2012-04-24 21:55:00",91,7.726,67.37,4.939,0.234,0.1400029,4.887,4.429,4.901,7.324,64.58,5.376,0.267,0.1618529,5.301,0.619,5.31
"2012-04-24 22:00:00",92,7.728,67.38,4.938,0.234,0.1400371,4.887,4.43,4.902,6.684,58.91,5.358,0.275,0.1665131,5.311,0.62,5.301
"2012-04-24 22:05:00",93,7.727,67.39,4.944,0.234,0.1399811,4.907,4.43,4.902,6.989,61.58,5.344,0.273,0.1651958,5.283,0.619,5.282
"2012-04-24 22:10:00",94,7.732,67.41,4.937,0.234,0.1399699,4.888,4.43,4.903,6.969,61.38,5.332,0.275,0.1665131,5.293,0.619,5.27
"2012-04-24 22:15:00",95,7.73,67.39,4.935,0.234,0.1398463,4.907,4.431,4.903,6.994,61.6,5.33,0.274,0.1655549,5.264,0.619,5.255
"2012-04-24 22:20:00",96,7.731,67.4,4.937,0.234,0.1399925,4.888,4.431,4.903,6.609,58.2,5.322,0.278,0.1681929,5.235,0.619,5.247
"2012-04-24 22:25:00",97,7.731,67.4,4.936,0.234,0.1399588,4.908,4.432,4.903,6.742,59.35,5.312,0.274,0.1655549,5.225,0.619,5.235
"2012-04-24 22:30:00",98,7.728,67.39,4.94,0.234,0.1399362,4.908,4.433,4.903,6.99,61.51,5.298,0.274,0.1659141,5.235,0.619,5.227
"2012-04-24 22:35:00",99,7.728,67.38,4.942,0.234,0.1398576,4.927,4.434,4.904,6.909,60.77,5.281,0.281,0.1701169,5.245,0.619,5.22
"2012-04-24 22:40:00",100,7.737,67.46,4.939,0.234,0.1401162,4.879,4.434,4.904,6.515,57.32,5.284,0.281,0.1697558,5.177,0.62,5.215
"2012-04-24 22:45:00",101,7.729,67.4,4.943,0.234,0.1400038,4.888,4.435,4.904,6.519,57.34,5.282,0.279,0.1685532,5.225,0.62,5.209
"2012-04-24 22:50:00",102,7.728,67.39,4.941,0.234,0.1401613,4.908,4.436,4.905,6.555,57.66,5.282,0.271,0.163642,5.206,0.62,5.209
"2012-04-24 22:55:00",103,7.731,67.41,4.943,0.234,0.1401275,4.908,4.436,4.905,6.571,57.8,5.28,0.278,0.1683129,5.235,0.62,5.208
"2012-04-24 23:00:00",104,7.731,67.41,4.942,0.234,0.1401387,4.908,4.437,4.906,6.528,57.42,5.278,0.276,0.1669926,5.216,0.62,5.207
"2012-04-24 23:05:00",105,7.731,67.41,4.94,0.234,0.14015,4.936,4.438,4.906,6.541,57.54,5.28,0.273,0.1652011,5.225,0.62,5.208
"2012-04-24 23:10:00",106,7.732,67.43,4.947,0.234,0.1398351,4.917,4.439,4.906,6.628,58.31,5.281,0.279,0.168562,5.225,0.62,5.212
"2012-04-24 23:15:00",107,7.726,67.36,4.94,0.234,0.1399813,4.936,4.439,4.906,6.6,58.05,5.279,0.276,0.1668914,5.225,0.62,5.215
"2012-04-24 23:20:00",108,7.729,67.4,4.944,0.234,0.1400487,4.898,4.44,4.906,6.468,56.89,5.28,0.283,0.1711002,5.245,0.621,5.212
"2012-04-24 23:25:00",109,7.731,67.41,4.939,0.234,0.1400712,4.927,4.441,4.905,6.555,57.66,5.279,0.285,0.1720824,5.206,0.621,5.206
"2012-04-24 23:30:00",110,7.728,67.39,4.943,0.234,0.1400375,4.879,4.441,4.905,6.656,58.55,5.281,0.287,0.1732897,5.197,0.62,5.198
"2012-04-24 23:35:00",111,7.73,67.41,4.943,0.234,0.1399588,4.917,4.442,4.904,6.517,57.3,5.264,0.285,0.1722113,5.216,0.621,5.195
"2012-04-24 23:40:00",112,7.725,67.37,4.944,0.235,0.1403638,4.898,4.443,4.903,6.566,57.75,5.275,0.281,0.1696851,5.216,0.621,5.197
"2012-04-24 23:45:00",113,7.73,67.4,4.939,0.234,0.1402287,4.908,4.444,4.902,6.602,58.06,5.271,0.282,0.1704109,5.206,0.621,5.191
"2012-04-24 23:50:00",114,7.728,67.38,4.94,0.234,0.140086,4.917,4.444,4.902,6.646,58.43,5.26,0.287,0.1735579,5.187,0.622,5.176
"2012-04-24 23:55:00",115,7.732,67.42,4.943,0.235,0.1401568,4.879,4.445,4.901,6.94,61,5.254,0.271,0.1637037,5.168,0.622,5.174
"2012-04-25 00:00:00",116,7.724,67.36,4.945,0.234,0.1401139,4.889,4.445,4.901,6.682,58.74,5.255,0.289,0.1742886,5.159,0.622,5.177
"2012-04-25 00:05:00",117,7.726,67.38,4.946,0.234,0.1400906,4.909,4.446,4.901,6.668,58.62,5.258,0.286,0.1728375,5.178,0.622,5.162
"2012-04-25 00:10:00",118,7.727,67.38,4.943,0.234,0.1400722,4.89,4.447,4.899,6.627,58.24,5.242,0.287,0.1728379,5.14,0.623,5.153
"2012-04-25 00:15:00",119,7.724,67.35,4.944,0.234,0.1400776,4.89,4.448,4.9,6.793,59.68,5.237,0.289,0.1741686,5.131,0.622,5.136
"2012-04-25 00:20:00",120,7.726,67.37,4.942,0.234,0.1401048,4.92,4.448,4.901,6.763,59.42,5.231,0.293,0.1761081,5.103,0.623,5.123
"2012-04-25 00:25:00",121,7.726,67.38,4.944,0.234,0.1400739,4.921,4.449,4.901,6.771,59.48,5.225,0.294,0.1768367,5.114,0.623,5.107
"2012-04-25 00:30:00",122,7.72,67.33,4.948,0.234,0.1400526,4.932,4.45,4.902,6.75,59.26,5.208,0.294,0.1770797,5.115,0.623,5.098
"2012-04-25 00:35:00",123,7.728,67.38,4.94,0.234,0.1400756,4.884,4.451,4.902,6.639,58.26,5.188,0.292,0.1758654,5.077,0.624,5.093
"2012-04-25 00:40:00",124,7.722,67.34,4.949,0.234,0.1400644,4.952,4.451,4.903,6.694,58.73,5.177,0.293,0.1764723,5.067,0.623,5.08
"2012-04-25 00:45:00",125,7.725,67.37,4.943,0.234,0.1400759,4.942,4.453,4.903,6.805,59.71,5.181,0.294,0.1764723,5.029,0.624,5.061
"2012-04-25 00:50:00",126,7.721,67.33,4.947,0.235,0.1404698,4.923,4.452,4.902,6.848,60.05,5.157,0.294,0.1769582,5.058,0.624,5.049
"2012-04-25 00:55:00",127,7.724,67.36,4.946,0.234,0.1402109,4.914,4.454,4.903,6.859,60.12,5.139,0.294,0.1768367,5.058,0.624,5.038
"2012-04-25 01:00:00",128,7.724,67.36,4.944,0.234,0.1401208,4.943,4.454,4.903,6.779,59.4,5.131,0.292,0.1755016,5.039,0.624,5.032
"2012-04-25 01:05:00",129,7.723,67.35,4.945,0.234,0.1400984,4.875,4.455,4.904,6.818,59.74,5.13,0.29,0.1745318,5.058,0.624,5.028
"2012-04-25 01:10:00",130,7.724,67.35,4.945,0.234,0.1399971,4.904,4.456,4.908,6.773,59.33,5.122,0.288,0.1728379,5.039,0.625,5.019
"2012-04-25 01:15:00",131,7.721,67.33,4.944,0.235,0.1402221,4.885,4.457,4.911,6.823,59.74,5.1,0.292,0.1751378,5.02,0.625,5.005
"2012-04-25 01:20:00",132,7.724,67.36,4.943,0.234,0.1401884,4.895,4.458,4.912,6.865,60.08,5.082,0.294,0.1764723,4.981,0.625,4.996
"2012-04-25 01:25:00",133,7.721,67.33,4.943,0.235,0.1401497,4.876,4.459,4.912,6.813,59.62,5.077,0.296,0.1776876,4.982,0.625,4.992
"2012-04-25 01:30:00",134,7.72,67.33,4.946,0.234,0.1400968,4.925,4.46,4.911,6.902,60.4,5.082,0.298,0.1789047,5.002,0.626,4.986
"2012-04-25 01:35:00",135,7.723,67.35,4.948,0.234,0.1401077,4.886,4.461,4.911,6.855,59.96,5.061,0.294,0.1762295,4.973,0.626,4.983
"2012-04-25 01:40:00",136,7.715,67.29,4.952,0.234,0.1400278,4.906,4.462,4.91,6.737,58.92,5.055,0.295,0.1765938,4.964,0.626,4.979
"2012-04-25 01:45:00",137,7.72,67.33,4.946,0.235,0.1403125,4.906,4.462,4.913,6.804,59.5,5.053,0.296,0.1776921,4.983,0.627,4.974
"2012-04-25 01:50:00",138,7.724,67.36,4.948,0.234,0.1400819,4.907,4.463,4.912,6.817,59.62,5.055,0.3,0.1793939,4.945,0.626,4.976
"2012-04-25 01:55:00",139,7.721,67.34,4.947,0.235,0.1402736,4.898,4.464,4.913,6.783,59.32,5.055,0.3,0.1800188,4.975,0.627,4.977
"2012-04-25 02:00:00",140,7.724,67.35,4.944,0.234,0.140194,4.898,4.465,4.912,6.839,59.8,5.045,0.301,0.1802672,4.956,0.628,4.979
"2012-04-25 02:05:00",141,7.721,67.34,4.947,0.235,0.1404252,4.879,4.466,4.912,6.798,59.42,5.036,0.302,0.1807602,4.966,0.628,4.979
"2012-04-25 02:10:00",142,7.726,67.38,4.948,0.234,0.1402251,4.918,4.467,4.914,6.867,60.04,5.045,0.303,0.1813918,4.957,0.628,4.975
"2012-04-25 02:15:00",143,7.724,67.35,4.943,0.234,0.1402486,4.938,4.468,4.914,6.855,59.99,5.081,0.302,0.1811616,4.967,0.629,4.979
"2012-04-25 02:20:00",144,7.724,67.36,4.946,0.234,0.1401702,4.939,4.469,4.912,6.717,58.82,5.106,0.285,0.1708482,4.996,0.629,5.013
"2012-04-25 02:25:00",145,7.722,67.34,4.945,0.234,0.1402378,4.929,4.47,4.913,6.707,58.8,5.153,0.286,0.1718163,5.026,0.63,5.02
"2012-04-25 02:30:00",146,7.723,67.35,4.947,0.235,0.1404068,4.929,4.471,4.913,6.933,60.74,5.124,0.283,0.1703698,5.055,0.63,5.024
"2012-04-25 02:35:00",147,7.717,67.31,4.95,0.235,0.1402042,4.891,4.472,4.913,6.373,55.85,5.134,0.278,0.1668829,5.055,0.63,5.054
"2012-04-25 02:40:00",148,7.721,67.34,4.953,0.235,0.1403055,4.91,4.472,4.912,6.94,60.74,5.087,0.281,0.1689255,5.084,0.631,5.047
"2012-04-25 02:45:00",149,7.722,67.34,4.947,0.235,0.1404969,4.901,4.473,4.912,7.17,62.76,5.085,0.28,0.168084,5.055,0.631,5.031
"2012-04-25 02:50:00",150,7.722,67.34,4.948,0.234,0.1402154,4.92,4.475,4.914,7.126,62.32,5.059,0.28,0.1682041,4.987,0.632,5.011
"2012-04-25 02:55:00",151,7.724,67.36,4.946,0.234,0.1402042,4.901,4.475,4.914,7.218,63.13,5.058,0.283,0.1695274,4.959,0.632,4.988
"2012-04-25 03:00:00",152,7.726,67.38,4.945,0.234,0.1400467,4.91,4.476,4.912,7.178,62.76,5.042,0.28,0.168084,4.997,0.632,4.982
"2012-04-25 03:05:00",153,7.721,67.33,4.946,0.234,0.1401367,4.891,4.477,4.913,7.26,63.49,5.056,0.263,0.1576923,5.016,0.634,4.994
"2012-04-25 03:10:00",154,7.723,67.35,4.947,0.234,0.140283,4.949,4.478,4.913,7.29,63.72,5.036,0.263,0.1581655,5.016,0.634,4.986
"2012-04-25 03:15:00",155,7.719,67.33,4.953,0.234,0.1401592,4.92,4.479,4.913,7.439,65.02,5.033,0.269,0.1614993,5.007,0.635,4.979
"2012-04-25 03:20:00",156,7.721,67.33,4.947,0.235,0.1404969,4.939,4.48,4.914,7.552,66.01,5.034,0.268,0.1605417,4.959,0.635,4.953
"2012-04-25 03:25:00",157,7.723,67.35,4.947,0.235,0.1402605,4.901,4.481,4.914,7.649,66.84,5.022,0.263,0.1575689,4.949,0.636,4.94
"2012-04-25 03:30:00",158,7.719,67.33,4.951,0.234,0.1401367,4.901,4.481,4.915,7.72,67.35,4.96,0.259,0.155061,4.949,0.636,4.926
"2012-04-25 03:35:00",159,7.717,67.31,4.954,0.234,0.1400804,4.92,4.483,4.915,7.819,68.16,4.933,0.256,0.1531784,4.901,0.637,4.906
"2012-04-25 03:40:00",160,7.723,67.35,4.946,0.235,0.1403167,4.901,4.483,4.914,7.915,68.96,4.91,0.252,0.1505861,4.92,0.638,4.896
"2012-04-25 03:45:00",161,7.723,67.35,4.949,0.234,0.1402267,4.93,4.484,4.914,7.962,69.34,4.895,0.247,0.1476149,4.891,0.638,4.878
"2012-04-25 03:50:00",162,7.719,67.32,4.95,0.235,0.1402942,4.91,4.485,4.913,8.1,70.51,4.884,0.242,0.1444625,4.891,0.639,4.857
"2012-04-25 03:55:00",163,7.721,67.34,4.949,0.234,0.1401875,4.93,4.486,4.913,8.17,71.01,4.834,0.24,0.1431531,4.882,0.64,4.84
"2012-04-25 04:00:00",164,7.723,67.35,4.95,0.234,0.1401789,4.949,4.487,4.913,8.34,72.46,4.816,0.234,0.1394774,4.795,0.641,4.789
"2012-04-25 04:05:00",165,7.724,67.36,4.949,0.234,0.1401355,4.91,4.488,4.913,8.62,74.82,4.776,0.231,0.1376521,4.766,0.641,4.764
"2012-04-25 04:10:00",166,7.721,67.34,4.947,0.234,0.1401665,4.9,4.489,4.915,8.59,74.63,4.783,0.226,0.1345147,4.756,0.641,4.73
"2012-04-25 04:15:00",167,7.721,67.34,4.951,0.234,0.1401044,4.9,4.489,4.914,8.94,77.56,4.732,0.219,0.1300255,4.63,0.642,4.654
"2012-04-25 04:20:00",168,7.718,67.31,4.951,0.234,0.13998,4.948,4.49,4.915,9.07,78.56,4.682,0.213,0.1260679,4.621,0.642,4.624
"2012-04-25 04:25:00",169,7.716,67.3,4.95,0.234,0.1400537,4.89,4.491,4.914,9.54,82.4,4.611,0.211,0.1250277,4.572,0.643,4.584
"2012-04-25 04:30:00",170,7.727,67.4,4.951,0.234,0.14027,4.957,4.492,4.914,9.4,81.3,4.612,0.208,0.1227388,4.544,0.644,4.555
"2012-04-25 04:35:00",171,7.722,67.34,4.945,0.234,0.1401585,4.89,4.492,4.915,9.34,80.8,4.614,0.206,0.1214271,4.525,0.644,4.527
"2012-04-25 04:40:00",172,7.72,67.33,4.948,0.234,0.1399622,4.91,4.493,4.914,9.5,82,4.564,0.203,0.1195147,4.506,0.644,4.501
"2012-04-25 04:45:00",173,7.721,67.34,4.947,0.234,0.1400331,4.9,4.494,4.917,9.61,82.9,4.551,0.2,0.117873,4.496,0.645,4.477
"2012-04-25 04:50:00",174,7.719,67.31,4.945,0.234,0.1401357,4.92,4.495,4.917,9.68,83.5,4.545,0.198,0.1166487,4.429,0.646,4.448
"2012-04-25 04:55:00",175,7.721,67.34,4.95,0.234,0.1401476,4.891,4.496,4.914,9.8,84.4,4.488,0.198,0.116447,4.439,0.647,4.427
"2012-04-25 05:00:00",176,7.724,67.36,4.948,0.234,0.1402828,4.92,4.496,4.914,9.9,85.3,4.476,0.195,0.114854,4.41,0.647,4.394
"2012-04-25 05:05:00",177,7.721,67.34,4.953,0.234,0.1402154,4.92,4.497,4.912,9.87,84.9,4.434,0.193,0.1134768,4.391,0.647,4.386
"2012-04-25 05:10:00",178,7.728,67.39,4.946,0.235,0.1404631,4.939,4.498,4.91,9.89,85.2,4.452,0.193,0.1135328,4.401,0.648,4.379
"2012-04-25 05:15:00",179,7.727,67.38,4.944,0.234,0.1402942,4.93,4.499,4.911,9.63,82.9,4.446,0.193,0.1135775,4.391,0.649,4.395
"2012-04-25 05:20:00",180,7.726,67.38,4.949,0.234,0.1401141,4.92,4.499,4.911,9.64,83,4.448,0.195,0.1147421,4.401,0.649,4.394
"2012-04-25 05:25:00",181,7.724,67.36,4.946,0.234,0.1402223,4.939,4.5,4.91,9.59,82.6,4.432,0.195,0.114817,4.381,0.649,4.395
"2012-04-25 05:30:00",182,7.726,67.38,4.948,0.234,0.14027,4.958,4.501,4.91,9.67,83.2,4.422,0.197,0.1158845,4.362,0.65,4.378
"2012-04-25 05:35:00",183,7.727,67.39,4.95,0.234,0.140063,4.91,4.502,4.91,9.61,82.6,4.403,0.197,0.1161728,4.419,0.651,4.373
"2012-04-25 05:40:00",184,7.726,67.38,4.946,0.234,0.1402461,4.92,4.502,4.91,9.61,82.6,4.395,0.197,0.11576,4.371,0.651,4.349
"2012-04-25 05:45:00",185,7.727,67.39,4.949,0.234,0.1401692,4.891,4.503,4.91,9.77,83.9,4.374,0.196,0.114954,4.333,0.651,4.31
"2012-04-25 05:50:00",186,7.728,67.39,4.942,0.234,0.1401102,4.891,4.504,4.909,9.77,83.9,4.345,0.196,0.11447,4.275,0.653,4.291
"2012-04-25 05:55:00",187,7.723,67.36,4.951,0.234,0.1401435,4.938,4.505,4.909,9.86,84.6,4.317,0.195,0.1138091,4.256,0.653,4.256
"2012-04-25 06:00:00",188,7.725,67.37,4.95,0.234,0.1399994,4.919,4.505,4.909,9.9,84.9,4.306,0.194,0.1133967,4.284,0.653,4.229
"2012-04-25 06:05:00",189,7.726,67.38,4.948,0.234,0.1400458,4.919,4.506,4.909,9.95,85.3,4.265,0.193,0.1128052,4.217,0.654,4.219
"2012-04-25 06:10:00",190,7.725,67.37,4.95,0.235,0.1403164,4.881,4.507,4.91,9.94,85.1,4.251,0.192,0.1123252,4.179,0.654,4.203
"2012-04-25 06:15:00",191,7.727,67.39,4.946,0.234,0.139979,4.92,4.507,4.909,10.02,85.7,4.229,0.191,0.1115551,4.179,0.655,4.173
"2012-04-25 06:20:00",192,7.723,67.36,4.953,0.234,0.1402154,4.93,4.508,4.909,10.08,86.3,4.229,0.191,0.111611,4.17,0.655,4.144
"2012-04-25 06:25:00",193,7.726,67.39,4.95,0.234,0.1400129,4.881,4.508,4.91,10.12,86.5,4.186,0.189,0.1103733,4.131,0.656,4.127
"2012-04-25 06:30:00",194,7.73,67.42,4.948,0.234,0.1400467,4.92,4.509,4.909,10.04,85.8,4.165,0.19,0.1103845,4.093,0.656,4.115
"2012-04-25 06:35:00",195,7.727,67.39,4.949,0.234,0.1400692,4.891,4.51,4.91,10.19,87,4.155,0.188,0.1096161,4.122,0.656,4.101
"2012-04-25 06:40:00",196,7.728,67.4,4.947,0.234,0.1400241,4.91,4.51,4.911,9.97,85.2,4.137,0.188,0.1098499,4.151,0.656,4.126
"2012-04-25 06:45:00",197,7.725,67.37,4.949,0.234,0.1401367,4.93,4.511,4.912,10.11,86.3,4.13,0.189,0.1097274,4.103,0.656,4.088
"2012-04-25 06:50:00",198,7.729,67.4,4.945,0.234,0.1399342,4.901,4.511,4.916,10.09,86.2,4.129,0.188,0.1094714,4.084,0.656,4.094
"2012-04-25 06:55:00",199,7.733,67.44,4.947,0.234,0.1400241,4.93,4.512,4.916,10.21,87.1,4.127,0.187,0.1088597,4.064,0.657,4.066
"2012-04-25 07:00:00",200,7.73,67.41,4.948,0.234,0.1398216,4.901,4.512,4.917,10.17,86.8,4.123,0.187,0.1090153,4.074,0.657,4.087
"2012-04-25 07:05:00",201,7.734,67.45,4.948,0.234,0.1400199,4.901,4.513,4.92,10.18,86.9,4.107,0.187,0.108723,4.074,0.657,4.056
"2012-04-25 07:10:00",202,7.727,67.4,4.952,0.234,0.1399212,4.9,4.513,4.921,10.29,87.8,4.118,0.187,0.1087916,4.083,0.657,4.065
"2012-04-25 07:15:00",203,7.732,67.43,4.948,0.234,0.1399618,4.891,4.514,4.919,10.23,87.2,4.105,0.189,0.1096448,4.054,0.657,4.066
"2012-04-25 07:20:00",204,7.735,67.46,4.947,0.234,0.1398635,4.939,4.514,4.921,10.04,85.6,4.109,0.189,0.1098698,4.083,0.658,4.083
"2012-04-25 07:25:00",205,7.729,67.41,4.952,0.234,0.139861,4.919,4.514,4.92,10.25,87.5,4.1,0.188,0.109278,4.092,0.657,4.066
"2012-04-25 07:30:00",206,7.727,67.4,4.954,0.234,0.1399446,4.919,4.515,4.918,10.33,88.1,4.103,0.185,0.1076286,4.063,0.657,4.049
"2012-04-25 07:35:00",207,7.734,67.45,4.953,0.234,0.1398788,4.899,4.515,4.92,10.33,88.2,4.119,0.186,0.1078963,4.015,0.657,4.051
"2012-04-25 07:40:00",208,7.733,67.45,4.952,0.234,0.1399641,4.889,4.516,4.92,10.33,88.1,4.093,0.188,0.1093375,4.091,0.657,4.062
"2012-04-25 07:45:00",209,7.735,67.46,4.952,0.234,0.1398671,4.908,4.516,4.92,10.34,88.2,4.118,0.187,0.1084316,4.023,0.657,4.041
"2012-04-25 07:50:00",210,7.733,67.45,4.954,0.233,0.1397742,4.955,4.516,4.923,10.3,87.8,4.093,0.189,0.1100755,4.099,0.657,4.07
"2012-04-25 07:55:00",211,7.73,67.42,4.949,0.234,0.139998,4.896,4.517,4.921,10.32,88.1,4.123,0.188,0.1093734,4.041,0.657,4.048
"2012-04-25 08:00:00",212,7.736,67.47,4.953,0.234,0.1400313,4.915,4.517,4.922,10.37,88.5,4.12,0.188,0.1090062,4.05,0.657,4.05
"2012-04-25 08:05:00",213,7.734,67.45,4.95,0.234,0.1398736,4.905,4.517,4.922,10.32,88.1,4.127,0.189,0.1097957,4.059,0.658,4.072
"2012-04-25 08:10:00",214,7.736,67.47,4.95,0.234,0.1400085,4.905,4.518,4.922,10.37,88.5,4.14,0.195,0.1135001,4.135,0.658,4.099
"2012-04-25 08:15:00",215,7.732,67.45,4.955,0.234,0.1398622,4.933,4.518,4.922,10.23,87.4,4.129,0.19,0.1107981,4.164,0.658,4.129
"2012-04-25 08:20:00",216,7.732,67.45,4.955,0.234,0.1399297,4.914,4.519,4.921,10.29,87.9,4.153,0.19,0.1106755,4.097,0.658,4.109
"2012-04-25 08:25:00",217,7.734,67.45,4.951,0.234,0.1397497,4.914,4.519,4.921,10.25,87.6,4.178,0.19,0.1104973,4.097,0.658,4.109
"2012-04-25 08:30:00",218,7.735,67.47,4.952,0.234,0.1401209,4.895,4.519,4.92,10.33,88.3,4.183,0.19,0.1107647,4.116,0.658,4.13
"2012-04-25 08:35:00",219,7.737,67.48,4.949,0.234,0.1399972,4.914,4.52,4.919,10.31,88.2,4.196,0.191,0.1111883,4.126,0.659,4.131
"2012-04-25 08:40:00",220,7.731,67.43,4.954,0.234,0.1398397,4.875,4.52,4.921,10.35,88.6,4.233,0.19,0.1104304,4.116,0.659,4.147
"2012-04-25 08:45:00",221,7.736,67.47,4.952,0.234,0.1399071,4.904,4.52,4.921,10.36,88.7,4.232,0.19,0.1106532,4.145,0.658,4.16
"2012-04-25 08:50:00",222,7.729,67.41,4.951,0.234,0.1399131,4.923,4.521,4.919,10.4,89,4.231,0.189,0.1103482,4.183,0.659,4.169
"2012-04-25 08:55:00",223,7.739,67.5,4.951,0.234,0.1399422,4.894,4.521,4.922,10.39,89,4.258,0.19,0.110612,4.154,0.659,4.18
"2012-04-25 09:00:00",224,7.732,67.43,4.95,0.234,0.1398605,4.913,4.521,4.92,10.28,88.1,4.284,0.191,0.1114458,4.201,0.659,4.213
"2012-04-25 09:05:00",225,7.733,67.45,4.954,0.234,0.1397396,4.911,4.521,4.921,10.33,88.6,4.3,0.191,0.1119525,4.248,0.659,4.239
"2012-04-25 09:10:00",226,7.74,67.51,4.949,0.233,0.1397137,4.958,4.522,4.918,10.38,89.2,4.35,0.19,0.1114812,4.285,0.659,4.267
"2012-04-25 09:15:00",227,7.735,67.47,4.956,0.234,0.1398473,4.929,4.522,4.913,10.34,88.9,4.408,0.19,0.1115916,4.304,0.659,4.311
"2012-04-25 09:20:00",228,7.74,67.5,4.951,0.233,0.1397681,4.957,4.522,4.91,10.4,89.5,4.436,0.191,0.1120599,4.389,0.658,4.37
"2012-04-25 09:25:00",229,7.74,67.5,4.949,0.233,0.1397003,4.918,4.522,4.912,10.35,89.2,4.505,0.192,0.1129085,4.447,0.659,4.433
"2012-04-25 09:30:00",230,7.735,67.46,4.954,0.233,0.139689,4.918,4.522,4.91,10.27,88.7,4.553,0.193,0.1139147,4.485,0.658,4.499
"2012-04-25 09:35:00",231,7.74,67.5,4.949,0.234,0.1398298,4.917,4.522,4.91,10.36,89.6,4.614,0.193,0.113944,4.571,0.658,4.542
"2012-04-25 09:40:00",232,7.741,67.52,4.949,0.233,0.1396427,4.946,4.523,4.912,10.37,89.7,4.657,0.194,0.1150244,4.628,0.658,4.592
"2012-04-25 09:45:00",233,7.738,67.49,4.95,0.233,0.1395695,4.897,4.523,4.911,10.3,89.4,4.754,0.194,0.1148068,4.666,0.658,4.655
"2012-04-25 09:50:00",234,7.741,67.51,4.95,0.233,0.1396039,4.914,4.523,4.912,10.26,89.2,4.833,0.194,0.1155042,4.712,0.658,4.739
"2012-04-25 09:55:00",235,7.74,67.51,4.952,0.234,0.1397717,4.922,4.523,4.911,10.27,89.6,4.956,0.195,0.1164479,4.788,0.657,4.805
"2012-04-25 10:00:00",236,7.74,67.51,4.951,0.233,0.1395518,4.959,4.523,4.912,10.1,88.2,5.007,0.196,0.1174085,4.892,0.658,4.91
"2012-04-25 10:05:00",237,7.737,67.47,4.948,0.233,0.1396602,4.947,4.523,4.912,10.27,90,5.124,0.196,0.1175063,5.044,0.658,5.025
"2012-04-25 10:10:00",238,7.74,67.51,4.954,0.233,0.1395237,4.936,4.523,4.913,10.1,88.7,5.212,0.197,0.1185735,5.109,0.658,5.104
"2012-04-25 10:15:00",239,7.743,67.53,4.949,0.234,0.1397366,4.906,4.523,4.913,10.19,89.6,5.29,0.197,0.1189106,5.166,0.657,5.176
"2012-04-25 10:20:00",240,7.738,67.49,4.951,0.233,0.1395287,4.934,4.523,4.915,10.21,90.1,5.393,0.197,0.1193226,5.262,0.657,5.251
"2012-04-25 10:25:00",241,7.739,67.49,4.948,0.233,0.139505,4.953,4.523,4.912,10.19,90.1,5.45,0.198,0.1197385,5.3,0.657,5.342
"2012-04-25 10:30:00",242,7.735,67.46,4.953,0.233,0.1396163,4.904,4.523,4.911,10.08,89.1,5.508,0.199,0.1207659,5.404,0.656,5.402
"2012-04-25 10:35:00",243,7.732,67.45,4.955,0.233,0.1396564,4.931,4.523,4.911,10.13,89.9,5.615,0.198,0.1205472,5.432,0.656,5.486
"2012-04-25 10:40:00",244,7.743,67.53,4.95,0.233,0.1396322,4.92,4.523,4.911,10.06,89.5,5.695,0.2,0.1219687,5.537,0.656,5.566
"2012-04-25 10:45:00",245,7.732,67.44,4.953,0.233,0.1395526,4.939,4.523,4.913,9.95,88.6,5.745,0.203,0.1242207,5.594,0.655,5.627
"2012-04-25 10:50:00",246,7.735,67.46,4.949,0.233,0.1396152,4.947,4.523,4.913,10.02,89.4,5.827,0.203,0.1242619,5.661,0.654,5.679
"2012-04-25 10:55:00",247,7.732,67.44,4.952,0.233,0.1395087,4.966,4.523,4.914,10.01,89.5,5.947,0.205,0.1259823,5.785,0.654,5.81
"2012-04-25 11:00:00",248,7.736,67.47,4.951,0.233,0.1395045,4.936,4.523,4.915,9.83,88.1,6.019,0.206,0.1269108,5.862,0.653,5.864
"2012-04-25 11:05:00",249,7.734,67.46,4.952,0.233,0.1395977,4.954,4.523,4.916,9.7,87.1,6.102,0.207,0.1278372,5.909,0.653,5.946
"2012-04-25 11:10:00",250,7.734,67.45,4.951,0.233,0.1394485,4.924,4.522,4.916,9.89,89.1,6.217,0.207,0.1278684,5.956,0.653,6.044
"2012-04-25 11:15:00",251,7.738,67.5,4.956,0.233,0.1394643,4.923,4.522,4.917,9.85,88.9,6.271,0.208,0.1291162,6.09,0.653,6.131
"2012-04-25 11:20:00",252,7.741,67.52,4.952,0.233,0.1394239,4.931,4.521,4.918,9.7,87.7,6.34,0.209,0.1302517,6.137,0.651,6.182
"2012-04-25 11:25:00",253,7.741,67.51,4.95,0.233,0.1395493,4.939,4.522,4.922,9.68,87.8,6.465,0.211,0.1317526,6.232,0.652,6.245
"2012-04-25 11:30:00",254,7.74,67.51,4.952,0.233,0.1394108,4.957,4.522,4.924,9.58,87.1,6.56,0.212,0.1329518,6.327,0.651,6.385
"2012-04-25 11:35:00",255,7.738,67.5,4.952,0.233,0.1393936,4.946,4.522,4.925,9.78,89.1,6.663,0.212,0.1334623,6.413,0.652,6.47
"2012-04-25 11:40:00",256,7.742,67.52,4.95,0.233,0.139427,4.964,4.522,4.919,9.76,89.1,6.727,0.213,0.1340824,6.518,0.653,6.57
"2012-04-25 11:45:00",257,7.737,67.48,4.951,0.233,0.1394872,4.923,4.521,4.921,9.65,88.3,6.828,0.213,0.1346843,6.584,0.649,6.668
"2012-04-25 11:50:00",258,7.737,67.48,4.949,0.233,0.1394437,4.951,4.522,4.922,9.71,89.2,6.976,0.215,0.1364569,6.699,0.651,6.8
"2012-04-25 11:55:00",259,7.739,67.5,4.951,0.232,0.1391817,4.969,4.521,4.921,9.65,88.7,7.021,0.216,0.1375019,6.853,0.651,6.885
"2012-04-25 12:00:00",260,7.74,67.5,4.947,0.233,0.1394387,4.93,4.521,4.92,9.62,88.7,7.118,0.217,0.13877,6.92,0.65,6.962
"2012-04-25 12:05:00",261,7.74,67.51,4.953,0.232,0.1393523,4.977,4.521,4.922,9.58,88.4,7.191,0.217,0.1389815,6.978,0.648,7.017
"2012-04-25 12:10:00",262,7.745,67.55,4.951,0.233,0.1394876,4.967,4.52,4.927,9.41,87.2,7.365,0.219,0.1405781,7.094,0.648,7.146
"2012-04-25 12:15:00",263,7.742,67.53,4.953,0.232,0.1390691,4.939,4.521,4.921,9.52,88.4,7.409,0.219,0.1405633,7.153,0.649,7.236
"2012-04-25 12:20:00",264,7.74,67.5,4.949,0.233,0.1394443,4.958,4.52,4.918,9.49,88.1,7.413,0.221,0.1421792,7.221,0.647,7.301
"2012-04-25 12:25:00",265,7.74,67.5,4.95,0.233,0.139364,4.957,4.52,4.917,9.42,87.7,7.565,0.22,0.1425255,7.327,0.648,7.349
"2012-04-25 12:30:00",266,7.74,67.51,4.952,0.233,0.1393675,4.947,4.52,4.919,9.36,87.4,7.656,0.222,0.1440046,7.405,0.647,7.47
"2012-04-25 12:35:00",267,7.739,67.49,4.946,0.233,0.1393833,4.927,4.52,4.92,9.25,86.6,7.765,0.222,0.1442769,7.482,0.646,7.57
"2012-04-25 12:40:00",268,7.735,67.47,4.952,0.232,0.1391017,4.985,4.519,4.923,9.11,85.4,7.845,0.224,0.146151,7.609,0.646,7.656
"2012-04-25 12:45:00",269,7.742,67.52,4.952,0.233,0.1391766,4.917,4.519,4.924,8.86,83.2,7.891,0.227,0.1479262,7.608,0.644,7.663
"2012-04-25 12:50:00",270,7.743,67.54,4.952,0.233,0.139417,4.926,4.518,4.925,9.08,85.3,7.871,0.228,0.1490956,7.676,0.645,7.716
"2012-04-25 12:55:00",271,7.744,67.55,4.953,0.232,0.1392234,4.964,4.518,4.929,8.99,84.6,7.993,0.228,0.1494467,7.725,0.645,7.839
"2012-04-25 13:00:00",272,7.746,67.56,4.952,0.233,0.139463,4.964,4.517,4.93,9,85,8.09,0.232,0.1524969,7.832,0.645,7.929
"2012-04-25 13:05:00",273,7.745,67.56,4.955,0.233,0.1392568,4.915,4.518,4.935,8.75,82.9,8.23,0.232,0.1529673,7.939,0.644,7.981
"2012-04-25 13:10:00",274,7.749,67.58,4.949,0.232,0.1390798,4.925,4.517,4.935,8.84,83.6,8.18,0.233,0.1534378,7.997,0.644,8.07
"2012-04-25 13:15:00",275,7.743,67.54,4.954,0.233,0.1393041,4.943,4.516,4.939,8.7,82.6,8.3,0.235,0.1552052,8.06,0.643,8.1
"2012-04-25 13:20:00",276,7.748,67.57,4.951,0.233,0.1392831,4.924,4.516,4.938,8.7,82.8,8.44,0.235,0.1556772,8.07,0.642,8.18
"2012-04-25 13:25:00",277,7.748,67.58,4.953,0.232,0.1390767,4.943,4.516,4.939,8.65,82.4,8.47,0.236,0.1567402,8.18,0.645,8.31
"2012-04-25 13:30:00",278,7.748,67.58,4.95,0.232,0.1391871,4.961,4.515,4.942,8.42,79.94,8.3,0.237,0.1574496,8.16,0.642,8.17
"2012-04-25 13:35:00",279,7.746,67.56,4.952,0.232,0.1392651,4.951,4.515,4.943,8.32,79.41,8.54,0.239,0.1574496,7.926,0.641,8.03
"2012-04-25 13:40:00",280,7.747,67.56,4.95,0.232,0.1392311,4.951,4.515,4.946,8.45,80.7,8.61,0.238,0.157923,8.19,0.642,8.27
"2012-04-25 13:45:00",281,7.748,67.58,4.953,0.232,0.1391187,4.96,4.515,4.948,8.02,75.54,8.02,0.24,0.1585151,8.05,0.643,8.08
"2012-04-25 13:50:00",282,7.751,67.6,4.952,0.232,0.1390288,4.941,4.514,4.948,7.929,75.18,8.27,0.244,0.1591077,7.593,0.639,7.731
"2012-04-25 13:55:00",283,7.753,67.62,4.952,0.232,0.1391411,4.951,4.514,4.949,7.803,73.99,8.28,0.244,0.157923,7.398,0.639,7.527
"2012-04-25 14:00:00",284,7.748,67.59,4.954,0.232,0.1391747,4.951,4.514,4.95,8.14,77.7,8.54,0.241,0.1586287,7.857,0.64,7.803
"2012-04-25 14:05:00",285,7.752,67.61,4.952,0.233,0.1391187,4.912,4.513,4.95,7.652,72.09,8.01,0.246,0.1612375,7.828,0.639,7.811
"2012-04-25 14:10:00",286,7.755,67.64,4.952,0.233,0.1393207,4.931,4.513,4.951,7.851,73.58,7.796,0.249,0.1630165,7.779,0.64,7.786
"2012-04-25 14:15:00",287,7.752,67.62,4.953,0.232,0.1392309,4.951,4.513,4.951,7.332,68.91,7.913,0.252,0.1644355,7.632,0.638,7.674
"2012-04-25 14:20:00",288,7.75,67.59,4.947,0.232,0.1392309,4.96,4.513,4.952,7.284,68.4,7.875,0.252,0.1639394,7.466,0.638,7.609
"2012-04-25 14:25:00",289,7.749,67.59,4.952,0.232,0.1390288,4.941,4.512,4.952,7.817,73.31,7.82,0.25,0.1639278,7.838,0.637,7.872
"2012-04-25 14:30:00",290,7.751,67.6,4.953,0.232,0.1389953,4.941,4.512,4.954,7.803,73.47,7.989,0.253,0.1657139,7.769,0.638,7.814
"2012-04-25 14:35:00",291,7.758,67.67,4.951,0.232,0.1392646,4.951,4.512,4.956,7.706,72.86,8.15,0.254,0.1667936,7.838,0.637,7.915
"2012-04-25 14:40:00",292,7.75,67.6,4.953,0.232,0.1391859,4.97,4.511,4.958,7.439,69.73,7.808,0.257,0.1683545,7.74,0.637,7.805
"2012-04-25 14:45:00",293,7.756,67.65,4.952,0.232,0.1389279,4.931,4.51,4.959,7.703,72.45,7.94,0.259,0.1693087,7.73,0.636,7.926
"2012-04-25 14:50:00",294,7.753,67.62,4.951,0.232,0.1390962,4.931,4.51,4.959,7.61,71.43,7.855,0.26,0.1696784,7.671,0.636,7.932
"2012-04-25 14:55:00",295,7.755,67.64,4.953,0.232,0.1393095,4.979,4.51,4.958,7.396,69.26,7.765,0.261,0.1705118,7.603,0.636,7.903
"2012-04-25 15:00:00",296,7.753,67.62,4.953,0.232,0.1390625,4.951,4.51,4.959,6.932,64.79,7.684,0.262,0.1705091,7.535,0.637,7.565
"2012-04-25 15:05:00",297,7.754,67.63,4.953,0.232,0.1389953,4.97,4.51,4.959,7.022,65.54,7.628,0.263,0.1707479,7.506,0.636,7.485
"2012-04-25 15:10:00",298,7.751,67.61,4.955,0.232,0.1389953,4.96,4.509,4.96,6.859,63.82,7.505,0.262,0.1702662,7.486,0.636,7.418
"2012-04-25 15:15:00",299,7.755,67.64,4.953,0.232,0.1390625,4.979,4.509,4.959,7.222,67.42,7.638,0.263,0.1701457,7.408,0.635,7.546
"2012-04-25 15:20:00",300,7.753,67.63,4.954,0.232,0.1390288,4.97,4.508,4.96,6.793,63.02,7.384,0.263,0.1703861,7.418,0.635,7.532
"2012-04-25 15:25:00",301,7.753,67.62,4.95,0.232,0.1391635,4.979,4.508,4.96,6.973,64.67,7.37,0.263,0.1702659,7.418,0.635,7.421
"2012-04-25 15:30:00",302,7.755,67.64,4.953,0.232,0.1389391,4.951,4.507,4.961,6.719,62.33,7.386,0.263,0.1705062,7.418,0.635,7.3
"2012-04-25 15:35:00",303,7.759,67.68,4.952,0.232,0.1389504,4.979,4.507,4.961,7.515,70.01,7.552,0.263,0.1699052,7.242,0.635,7.498
"2012-04-25 15:40:00",304,7.756,67.64,4.951,0.232,0.1390513,4.941,4.507,4.962,7.123,66.28,7.505,0.263,0.1709875,7.515,0.635,7.676
"2012-04-25 15:45:00",305,7.758,67.67,4.953,0.232,0.1388718,4.979,4.507,4.962,7.192,67.11,7.617,0.263,0.1711078,7.506,0.634,7.666
"2012-04-25 15:50:00",306,7.752,67.62,4.957,0.232,0.1390065,4.989,4.506,4.962,7.39,69.14,7.725,0.264,0.1715894,7.515,0.634,7.676
"2012-04-25 15:55:00",307,7.76,67.68,4.953,0.232,0.138883,4.96,4.506,4.962,6.982,65.22,7.668,0.263,0.1715894,7.564,0.634,7.677
"2012-04-25 16:00:00",308,7.755,67.64,4.951,0.232,0.1391411,4.989,4.506,4.963,7.162,66.6,7.482,0.264,0.1711078,7.427,0.634,7.522
"2012-04-25 16:05:00",309,7.754,67.63,4.953,0.232,0.1388942,4.979,4.505,4.962,6.937,64.47,7.457,0.264,0.1707521,7.34,0.633,7.426
"2012-04-25 16:10:00",310,7.76,67.68,4.953,0.232,0.1389953,4.979,4.505,4.963,6.918,63.72,7.098,0.265,0.1705084,7.203,0.634,7.264
"2012-04-25 16:15:00",311,7.761,67.69,4.954,0.232,0.1389504,4.97,4.504,4.963,6.968,64.3,7.173,0.265,0.1703869,7.155,0.633,7.269
"2012-04-25 16:20:00",312,7.756,67.64,4.95,0.232,0.1389167,4.941,4.504,4.963,6.829,62.64,6.925,0.266,0.1703918,7.057,0.632,7.043
"2012-04-25 16:25:00",313,7.759,67.68,4.952,0.232,0.1391187,4.941,4.504,4.963,7.007,64.66,7.167,0.265,0.170514,7.116,0.633,7.127
"2012-04-25 16:30:00",314,7.757,67.66,4.953,0.232,0.1388382,4.941,4.504,4.965,6.77,62.66,7.292,0.267,0.1707499,7.028,0.633,7.126
"2012-04-25 16:35:00",315,7.76,67.69,4.955,0.232,0.1388606,4.989,4.503,4.963,6.833,63.18,7.254,0.266,0.1709922,7.096,0.632,7.062
"2012-04-25 16:40:00",316,7.757,67.65,4.952,0.232,0.1388493,4.951,4.503,4.962,6.895,63.75,7.244,0.266,0.170629,7.057,0.632,7.13
"2012-04-25 16:45:00",317,7.756,67.65,4.953,0.232,0.1388606,4.979,4.503,4.962,6.864,63.38,7.194,0.267,0.1706328,6.97,0.632,7.017
"2012-04-25 16:50:00",318,7.758,67.67,4.953,0.232,0.1388718,4.97,4.502,4.961,6.994,64.73,7.289,0.267,0.1705088,6.989,0.632,7.122
"2012-04-25 16:55:00",319,7.756,67.64,4.951,0.232,0.1389391,4.989,4.502,4.96,6.901,63.9,7.31,0.268,0.1712334,6.999,0.632,7.067
"2012-04-25 17:00:00",320,7.76,67.68,4.95,0.232,0.1388718,4.96,4.502,4.96,6.983,64.6,7.273,0.268,0.1712308,6.999,0.631,7.031
"2012-04-25 17:05:00",321,7.759,67.68,4.953,0.232,0.1388718,4.931,4.502,4.959,6.854,63.32,7.217,0.267,0.1709886,7.009,0.632,7.082
"2012-04-25 17:10:00",322,7.762,67.7,4.951,0.231,0.138827,4.989,4.501,4.959,7.05,64.94,7.099,0.268,0.1708676,6.883,0.632,7.034
"2012-04-25 17:15:00",323,7.752,67.62,4.951,0.232,0.138827,4.931,4.501,4.957,6.876,63.33,7.097,0.268,0.1712283,6.941,0.631,7.125
"2012-04-25 17:20:00",324,7.761,67.7,4.955,0.232,0.1387372,4.941,4.501,4.955,6.837,62.91,7.052,0.268,0.1711079,6.873,0.631,6.944
"2012-04-25 17:25:00",325,7.763,67.71,4.952,0.231,0.1387372,4.97,4.501,4.953,6.925,63.53,6.94,0.269,0.1712325,6.873,0.631,6.959
"2012-04-25 17:30:00",326,7.751,67.6,4.953,0.232,0.138827,4.96,4.5,4.953,6.956,63.8,6.927,0.27,0.1714972,6.776,0.631,6.873
"2012-04-25 17:35:00",327,7.752,67.62,4.952,0.231,0.13867,4.97,4.5,4.953,7.112,65.34,6.995,0.27,0.171626,6.834,0.631,6.881
"2012-04-25 17:40:00",328,7.753,67.63,4.955,0.231,0.1387821,4.979,4.5,4.953,7.061,64.85,6.979,0.27,0.1715118,6.766,0.631,6.832
"2012-04-25 17:45:00",329,7.757,67.66,4.95,0.232,0.1388493,4.941,4.5,4.953,7.02,64.27,6.852,0.271,0.172008,6.756,0.631,6.865
"2012-04-25 17:50:00",330,7.759,67.67,4.953,0.231,0.1386588,4.989,4.5,4.954,6.918,63.18,6.755,0.272,0.1718933,6.65,0.631,6.727
"2012-04-25 17:55:00",331,7.762,67.71,4.953,0.232,0.1388718,4.979,4.499,4.954,6.829,62.4,6.778,0.272,0.1716547,6.601,0.631,6.61
"2012-04-25 18:00:00",332,7.761,67.7,4.954,0.232,0.1389054,4.97,4.499,4.955,6.958,63.56,6.763,0.271,0.1714145,6.591,0.631,6.651
"2012-04-25 18:05:00",333,7.757,67.66,4.955,0.232,0.1388191,4.96,4.499,4.957,6.932,63.38,6.802,0.271,0.1715355,6.621,0.631,6.653
"2012-04-25 18:10:00",334,7.756,67.65,4.953,0.232,0.1387498,4.951,4.499,4.956,6.839,62.3,6.657,0.272,0.1716563,6.611,0.631,6.593
"2012-04-25 18:15:00",335,7.758,67.67,4.953,0.232,0.1387602,4.932,4.499,4.953,6.779,61.87,6.729,0.272,0.1714154,6.563,0.631,6.571
"2012-04-25 18:20:00",336,7.762,67.7,4.954,0.231,0.1386512,4.97,4.499,4.95,6.842,62.43,6.718,0.272,0.1714154,6.514,0.631,6.565
"2012-04-25 18:25:00",337,7.757,67.66,4.95,0.231,0.1388036,4.999,4.498,4.951,6.936,63.12,6.613,0.272,0.1714154,6.457,0.631,6.511
"2012-04-25 18:30:00",338,7.758,67.66,4.952,0.231,0.1386002,4.943,4.499,4.95,6.898,62.84,6.659,0.272,0.1715358,6.525,0.631,6.572
"2012-04-25 18:35:00",339,7.762,67.71,4.953,0.231,0.1385705,4.973,4.498,4.95,6.947,63.08,6.525,0.272,0.1715358,6.488,0.63,6.531
"2012-04-25 18:40:00",340,7.76,67.69,4.954,0.231,0.1386055,4.964,4.498,4.949,7.32,66.49,6.538,0.273,0.1715358,6.431,0.631,6.577
"2012-04-25 18:45:00",341,7.761,67.7,4.954,0.231,0.1386678,4.965,4.498,4.949,7.092,64.41,6.536,0.273,0.1720377,6.49,0.631,6.536
"2012-04-25 18:50:00",342,7.757,67.66,4.954,0.231,0.1386347,4.966,4.498,4.949,7.178,65.29,6.596,0.273,0.1722924,6.53,0.631,6.59
"2012-04-25 18:55:00",343,7.764,67.72,4.952,0.232,0.1386567,4.938,4.498,4.947,7.185,65.14,6.469,0.274,0.1721841,6.414,0.63,6.496
"2012-04-25 19:00:00",344,7.757,67.66,4.953,0.231,0.1386933,4.977,4.498,4.946,7.184,65.13,6.462,0.272,0.1712305,6.453,0.631,6.524
"2012-04-25 19:05:00",345,7.759,67.67,4.951,0.231,0.1386032,4.987,4.498,4.945,6.567,59.52,6.457,0.272,0.1699132,6.26,0.63,6.299
"2012-04-25 19:10:00",346,7.754,67.63,4.951,0.231,0.1385531,4.93,4.498,4.945,7.004,63.38,6.388,0.271,0.1697955,6.271,0.631,6.3
"2012-04-25 19:15:00",347,7.759,67.68,4.952,0.231,0.138554,4.95,4.498,4.946,6.935,62.63,6.314,0.272,0.1701574,6.281,0.631,6.317
"2012-04-25 19:20:00",348,7.752,67.62,4.954,0.232,0.138678,4.922,4.498,4.947,6.867,62,6.305,0.273,0.1702847,6.205,0.63,6.263
"2012-04-25 19:25:00",349,7.759,67.68,4.953,0.231,0.1385776,4.943,4.497,4.946,7.053,63.7,6.316,0.273,0.1701642,6.187,0.631,6.274
"2012-04-25 19:30:00",350,7.756,67.65,4.954,0.231,0.1386619,4.973,4.497,4.948,6.916,62.49,6.336,0.272,0.1701693,6.257,0.63,6.282
"2012-04-25 19:35:00",351,7.757,67.65,4.95,0.231,0.1385778,4.946,4.498,4.946,7.373,66.61,6.323,0.273,0.1705543,6.287,0.631,6.34
"2012-04-25 19:40:00",352,7.76,67.68,4.951,0.231,0.1385686,4.947,4.497,4.946,6.915,62.38,6.268,0.273,0.1705654,6.25,0.63,6.208
"2012-04-25 19:45:00",353,7.754,67.63,4.954,0.231,0.1385233,4.939,4.497,4.946,7.225,65.13,6.242,0.27,0.1684135,6.144,0.63,6.236
"2012-04-25 19:50:00",354,7.758,67.67,4.954,0.231,0.1385761,4.96,4.498,4.947,7.133,64.31,6.244,0.269,0.1679382,6.194,0.631,6.258
"2012-04-25 19:55:00",355,7.755,67.64,4.957,0.231,0.1385933,4.981,4.497,4.946,6.941,62.51,6.199,0.267,0.1656637,6.08,0.63,6.122
"2012-04-25 20:00:00",356,7.76,67.68,4.953,0.232,0.1386177,4.934,4.497,4.946,7.651,69.06,6.289,0.269,0.1673411,6.13,0.631,6.171
"2012-04-25 20:05:00",357,7.761,67.69,4.952,0.231,0.1385517,5.002,4.497,4.946,7.464,67.44,6.329,0.269,0.1680806,6.218,0.631,6.262
"2012-04-25 20:10:00",358,7.761,67.69,4.953,0.231,0.1385634,4.955,4.497,4.946,7.41,66.76,6.219,0.27,0.1684489,6.248,0.63,6.266
"2012-04-25 20:15:00",359,7.758,67.67,4.95,0.231,0.1385118,4.985,4.498,4.947,7.559,68.22,6.288,0.269,0.1674974,6.152,0.631,6.229
"2012-04-25 20:20:00",360,7.752,67.62,4.952,0.231,0.138577,4.975,4.498,4.947,7.654,68.96,6.218,0.27,0.1682319,6.133,0.631,6.185
"2012-04-25 20:25:00",361,7.759,67.67,4.952,0.231,0.1384751,4.938,4.498,4.948,7.775,70.19,6.296,0.267,0.1665618,6.24,0.631,6.246
"2012-04-25 20:30:00",362,7.762,67.7,4.953,0.231,0.1384906,4.958,4.498,4.949,7.75,69.95,6.288,0.267,0.1668051,6.251,0.631,6.237
"2012-04-25 20:35:00",363,7.757,67.66,4.955,0.231,0.1385975,4.959,4.498,4.948,7.079,63.74,6.194,0.269,0.1674061,6.165,0.631,6.123
"2012-04-25 20:40:00",364,7.76,67.68,4.954,0.231,0.1385996,4.95,4.498,4.949,7.415,66.56,6.071,0.269,0.1668071,6.031,0.631,6.06
"2012-04-25 20:45:00",365,7.76,67.69,4.954,0.231,0.1385784,4.971,4.498,4.951,7.203,64.77,6.142,0.269,0.1666876,6.003,0.632,6.052
"2012-04-25 20:50:00",366,7.755,67.64,4.956,0.231,0.1385789,4.962,4.498,4.95,7.568,67.98,6.097,0.269,0.1668076,6.061,0.632,6.068
"2012-04-25 20:55:00",367,7.758,67.67,4.954,0.231,0.1385679,4.972,4.499,4.952,7.748,69.67,6.143,0.267,0.1662086,6.11,0.632,6.095
"2012-04-25 21:00:00",368,7.757,67.66,4.953,0.231,0.1384782,4.953,4.499,4.953,7.424,66.68,6.095,0.267,0.1659691,6.101,0.632,6.078
"2012-04-25 21:05:00",369,7.761,67.7,4.954,0.231,0.1385568,4.991,4.499,4.952,7.361,66,6.025,0.266,0.1645337,5.917,0.632,5.938
"2012-04-25 21:10:00",370,7.757,67.66,4.952,0.231,0.1386465,4.962,4.499,4.955,7.584,68.12,6.093,0.266,0.165017,5.985,0.632,5.981
"2012-04-25 21:15:00",371,7.759,67.68,4.954,0.231,0.1385172,4.953,4.5,4.959,7.682,68.88,6.026,0.268,0.1656121,5.946,0.633,5.946
"2012-04-25 21:20:00",372,7.759,67.69,4.958,0.231,0.1385234,4.992,4.5,4.96,7.699,69.05,6.039,0.267,0.1652522,5.947,0.633,5.967
"2012-04-25 21:25:00",373,7.761,67.7,4.955,0.231,0.1385851,4.974,4.5,4.96,7.804,69.97,6.025,0.265,0.1637022,5.928,0.633,5.962
"2012-04-25 21:30:00",374,7.764,67.72,4.955,0.231,0.1385139,4.946,4.501,4.96,7.825,70.21,6.057,0.264,0.1631216,5.93,0.633,5.958
"2012-04-25 21:35:00",375,7.764,67.72,4.955,0.231,0.1383838,4.966,4.501,4.96,7.806,69.8,5.92,0.263,0.1624127,5.833,0.634,5.895
"2012-04-25 21:40:00",376,7.763,67.72,4.955,0.231,0.1385116,4.995,4.501,4.961,7.812,69.99,6.001,0.264,0.1628969,5.892,0.634,5.912
"2012-04-25 21:45:00",377,7.766,67.73,4.95,0.231,0.1385144,4.976,4.501,4.959,7.857,70.31,5.949,0.263,0.1626683,5.902,0.634,5.924
"2012-04-25 21:50:00",378,7.76,67.7,4.96,0.231,0.1384481,4.987,4.502,4.957,7.611,68.06,5.923,0.264,0.1626754,5.855,0.635,5.881
"2012-04-25 21:55:00",379,7.762,67.7,4.951,0.232,0.1386281,4.939,4.502,4.956,7.768,69.56,5.974,0.261,0.1613718,5.875,0.635,5.873
"2012-04-25 22:00:00",380,7.757,67.67,4.958,0.231,0.1385498,4.949,4.503,4.957,7.789,69.74,5.971,0.261,0.161017,5.827,0.635,5.874
"2012-04-25 22:05:00",381,7.759,67.68,4.955,0.231,0.1385162,4.94,4.503,4.957,7.814,69.92,5.947,0.261,0.1612566,5.875,0.635,5.88
"2012-04-25 22:10:00",382,7.762,67.71,4.954,0.231,0.1385767,4.959,4.504,4.958,7.811,69.86,5.933,0.259,0.1600676,5.885,0.636,5.88
"2012-04-25 22:15:00",383,7.765,67.73,4.953,0.231,0.1384507,4.931,4.505,4.958,7.815,69.92,5.939,0.259,0.1597113,5.856,0.636,5.871
"2012-04-25 22:20:00",384,7.759,67.68,4.955,0.231,0.1385845,4.94,4.505,4.959,7.934,70.9,5.897,0.256,0.1579313,5.818,0.637,5.845
"2012-04-25 22:25:00",385,7.755,67.64,4.951,0.231,0.1384718,4.94,4.505,4.959,7.951,71.01,5.875,0.255,0.1568653,5.789,0.637,5.83
"2012-04-25 22:30:00",386,7.758,67.67,4.957,0.231,0.1384896,4.94,4.506,4.959,7.977,71.34,5.923,0.254,0.1562736,5.817,0.637,5.828
"2012-04-25 22:35:00",387,7.76,67.69,4.956,0.231,0.1384921,4.988,4.506,4.959,8.08,72.27,5.918,0.251,0.1545014,5.817,0.638,5.84
"2012-04-25 22:40:00",388,7.756,67.65,4.955,0.231,0.1384774,4.949,4.507,4.957,8.02,71.75,5.929,0.251,0.1546195,5.836,0.638,5.828
"2012-04-25 22:45:00",389,7.758,67.67,4.955,0.231,0.1385254,5.007,4.507,4.957,8.16,73.03,5.948,0.248,0.152851,5.836,0.639,5.829
"2012-04-25 22:50:00",390,7.758,67.67,4.955,0.231,0.1384957,4.949,4.508,4.957,8.12,72.6,5.935,0.248,0.1527218,5.846,0.64,5.838
"2012-04-25 22:55:00",391,7.76,67.69,4.954,0.231,0.1384566,4.949,4.508,4.957,8.28,74.08,5.951,0.245,0.1511995,5.837,0.64,5.835
"2012-04-25 23:00:00",392,7.753,67.62,4.953,0.231,0.1385818,4.978,4.508,4.957,8.23,73.68,5.943,0.245,0.1509669,5.817,0.64,5.843
"2012-04-25 23:05:00",393,7.752,67.62,4.957,0.231,0.1385829,4.968,4.509,4.958,8.12,72.68,5.947,0.245,0.1506101,5.788,0.641,5.822
"2012-04-25 23:10:00",394,7.756,67.65,4.954,0.231,0.1385272,4.988,4.51,4.959,8.25,73.76,5.934,0.245,0.150718,5.807,0.641,5.833
"2012-04-25 23:15:00",395,7.757,67.65,4.95,0.231,0.1385161,4.969,4.509,4.958,8.22,73.5,5.924,0.245,0.1509567,5.798,0.642,5.843
"2012-04-25 23:20:00",396,7.757,67.66,4.957,0.231,0.138486,4.988,4.51,4.959,8.26,73.92,5.935,0.244,0.1504847,5.807,0.642,5.842
"2012-04-25 23:25:00",397,7.758,67.68,4.958,0.231,0.1385078,4.968,4.511,4.96,8.32,74.42,5.926,0.243,0.1501355,5.846,0.643,5.845
"2012-04-25 23:30:00",398,7.755,67.65,4.956,0.231,0.13851,4.987,4.511,4.963,8.39,74.99,5.927,0.244,0.15036,5.826,0.642,5.849
"2012-04-25 23:35:00",399,7.757,67.67,4.957,0.231,0.1385095,4.977,4.512,4.961,8.45,75.58,5.924,0.243,0.1498866,5.806,0.643,5.837
"2012-04-25 23:40:00",400,7.755,67.64,4.956,0.231,0.1385206,4.996,4.512,4.965,8.41,75.22,5.923,0.24,0.1476598,5.806,0.644,5.836
"2012-04-25 23:45:00",401,7.758,67.68,4.957,0.231,0.1385131,4.986,4.513,4.965,8.45,75.52,5.919,0.239,0.1472102,5.825,0.645,5.822
"2012-04-25 23:50:00",402,7.757,67.68,4.962,0.231,0.1385061,4.957,4.513,4.963,8.57,76.65,5.923,0.237,0.1459535,5.786,0.645,5.819
"2012-04-25 23:55:00",403,7.759,67.68,4.956,0.231,0.1386201,4.957,4.514,4.963,8.68,77.54,5.859,0.233,0.1436951,5.834,0.645,5.812
"2012-04-26 00:00:00",404,7.754,67.65,4.964,0.231,0.1385301,4.957,4.515,4.964,8.83,78.85,5.872,0.231,0.1426021,5.815,0.646,5.809
"2012-04-26 00:05:00",405,7.757,67.66,4.955,0.231,0.1385719,4.957,4.515,4.963,9.16,81.8,5.87,0.224,0.137851,5.786,0.646,5.796
"2012-04-26 00:10:00",406,7.754,67.65,4.96,0.231,0.138527,5.005,4.515,4.962,9.17,81.9,5.85,0.222,0.1366279,5.757,0.647,5.78
"2012-04-26 00:15:00",407,7.755,67.65,4.956,0.231,0.1386443,4.985,4.516,4.962,9.21,82.2,5.833,0.219,0.1349525,5.766,0.647,5.77
"2012-04-26 00:20:00",408,7.759,67.69,4.961,0.231,0.138597,4.985,4.516,4.961,9.25,82.5,5.823,0.22,0.134938,5.727,0.648,5.752
"2012-04-26 00:25:00",409,7.751,67.62,4.961,0.231,0.1385458,4.985,4.517,4.961,9.4,83.8,5.798,0.216,0.1324978,5.737,0.648,5.731
"2012-04-26 00:30:00",410,7.755,67.64,4.956,0.231,0.1385418,4.985,4.517,4.961,9.39,83.6,5.777,0.214,0.1312912,5.717,0.649,5.705
"2012-04-26 00:35:00",411,7.757,67.67,4.958,0.231,0.1385455,4.984,4.518,4.961,9.4,83.6,5.749,0.214,0.1311916,5.708,0.649,5.689
"2012-04-26 00:40:00",412,7.754,67.64,4.959,0.231,0.1387025,4.975,4.518,4.961,9.43,84,5.754,0.214,0.1310771,5.649,0.65,5.669
"2012-04-26 00:45:00",413,7.756,67.66,4.957,0.231,0.1385164,4.955,4.519,4.961,9.51,84.6,5.725,0.21,0.1288088,5.639,0.65,5.652
"2012-04-26 00:50:00",414,7.755,67.65,4.959,0.231,0.1385396,4.964,4.519,4.961,9.46,84.1,5.7,0.211,0.1293688,5.629,0.651,5.631
"2012-04-26 00:55:00",415,7.748,67.58,4.954,0.231,0.1385447,4.974,4.52,4.963,9.44,83.9,5.69,0.212,0.1295332,5.591,0.651,5.611
"2012-04-26 01:00:00",416,7.755,67.65,4.961,0.231,0.138526,4.984,4.52,4.962,9.46,84,5.654,0.212,0.1296851,5.572,0.651,5.597
"2012-04-26 01:05:00",417,7.757,67.67,4.956,0.231,0.1385749,4.984,4.521,4.961,9.51,84.4,5.651,0.21,0.1283879,5.582,0.652,5.568
"2012-04-26 01:10:00",418,7.751,67.62,4.961,0.231,0.138674,4.975,4.521,4.962,9.59,85.1,5.625,0.207,0.1266207,5.563,0.652,5.552
"2012-04-26 01:15:00",419,7.757,67.66,4.955,0.231,0.1385871,4.937,4.521,4.962,9.52,84.5,5.613,0.21,0.1281037,5.525,0.653,5.543
"2012-04-26 01:20:00",420,7.752,67.62,4.954,0.231,0.1386245,4.976,4.522,4.963,9.54,84.6,5.581,0.206,0.1256376,5.487,0.654,5.513
"2012-04-26 01:25:00",421,7.751,67.63,4.963,0.231,0.1386188,4.996,4.523,4.962,9.66,85.6,5.559,0.204,0.1242362,5.487,0.654,5.494
"2012-04-26 01:30:00",422,7.749,67.6,4.957,0.231,0.1385224,4.976,4.523,4.962,9.53,84.4,5.551,0.207,0.1259674,5.487,0.654,5.484
"2012-04-26 01:35:00",423,7.756,67.66,4.958,0.231,0.1385095,5.005,4.523,4.962,9.66,85.5,5.523,0.204,0.1240688,5.467,0.655,5.46
"2012-04-26 01:40:00",424,7.75,67.61,4.96,0.231,0.1386286,4.976,4.523,4.963,9.57,84.7,5.527,0.206,0.1256311,5.477,0.655,5.453
"2012-04-26 01:45:00",425,7.754,67.64,4.96,0.231,0.1385678,4.976,4.524,4.963,9.61,85.1,5.51,0.206,0.1251372,5.41,0.655,5.427
"2012-04-26 01:50:00",426,7.746,67.58,4.962,0.231,0.1386335,4.967,4.524,4.962,9.53,84.3,5.478,0.204,0.1244095,5.42,0.656,5.412
"2012-04-26 01:55:00",427,7.751,67.62,4.961,0.231,0.1385958,4.967,4.524,4.961,9.81,86.7,5.455,0.199,0.1210218,5.372,0.656,5.38
"2012-04-26 02:00:00",428,7.753,67.63,4.959,0.231,0.1385559,4.967,4.525,4.962,9.55,84.4,5.455,0.205,0.1243537,5.343,0.657,5.376
"2012-04-26 02:05:00",429,7.748,67.6,4.966,0.231,0.1386712,4.986,4.525,4.962,9.6,84.8,5.446,0.206,0.1251508,5.362,0.657,5.374
"2012-04-26 02:10:00",430,7.751,67.62,4.96,0.231,0.1385603,4.997,4.525,4.962,9.57,84.5,5.428,0.206,0.1250157,5.382,0.657,5.356
"2012-04-26 02:15:00",431,7.746,67.58,4.964,0.231,0.138572,4.968,4.526,4.963,9.57,84.5,5.406,0.206,0.1248005,5.344,0.658,5.34
"2012-04-26 02:20:00",432,7.751,67.63,4.963,0.231,0.1386283,4.959,4.526,4.962,9.68,85.3,5.38,0.204,0.1233832,5.305,0.658,5.326
"2012-04-26 02:25:00",433,7.752,67.63,4.963,0.231,0.1385499,4.978,4.527,4.962,9.65,85.1,5.378,0.204,0.1235419,5.306,0.658,5.304
"2012-04-26 02:30:00",434,7.751,67.62,4.964,0.231,0.138505,4.969,4.528,4.961,9.68,85.3,5.354,0.203,0.1231228,5.306,0.659,5.284
"2012-04-26 02:35:00",435,7.751,67.63,4.964,0.231,0.1385421,4.998,4.528,4.961,9.83,86.5,5.287,0.199,0.1208529,5.296,0.66,5.262
"2012-04-26 02:40:00",436,7.754,67.65,4.962,0.231,0.1385672,4.988,4.528,4.962,9.69,85.3,5.327,0.2,0.1211714,5.239,0.66,5.248
"2012-04-26 02:45:00",437,7.75,67.63,4.969,0.231,0.1385914,4.989,4.529,4.962,9.72,85.6,5.327,0.201,0.1213537,5.239,0.661,5.243
"2012-04-26 02:50:00",438,7.752,67.63,4.965,0.231,0.1386991,4.979,4.529,4.962,9.42,82.8,5.283,0.201,0.1216323,5.22,0.66,5.228
"2012-04-26 02:55:00",439,7.746,67.6,4.97,0.231,0.1385891,4.97,4.53,4.962,9.44,83,5.254,0.201,0.1213405,5.201,0.661,5.211
"2012-04-26 03:00:00",440,7.748,67.59,4.959,0.231,0.1385493,4.951,4.53,4.963,9.7,85.3,5.255,0.2,0.1208026,5.201,0.661,5.197
"2012-04-26 03:05:00",441,7.75,67.61,4.958,0.231,0.1385483,5.009,4.531,4.964,9.52,83.6,5.231,0.2,0.1206212,5.201,0.661,5.179
"2012-04-26 03:10:00",442,7.746,67.59,4.966,0.231,0.1386085,4.951,4.531,4.965,9.57,84.1,5.239,0.2,0.1208279,5.144,0.66,5.173
"2012-04-26 03:15:00",443,7.749,67.61,4.962,0.231,0.1386712,4.961,4.53,4.965,9.59,84.3,5.23,0.201,0.1209593,5.163,0.659,5.162
"2012-04-26 03:20:00",444,7.748,67.61,4.969,0.231,0.1386408,4.971,4.531,4.966,9.55,83.9,5.224,0.204,0.1228959,5.164,0.659,5.154
"2012-04-26 03:25:00",445,7.751,67.63,4.968,0.231,0.1385638,4.991,4.531,4.966,9.62,84.4,5.214,0.202,0.1219693,5.145,0.659,5.155
"2012-04-26 03:30:00",446,7.751,67.62,4.961,0.231,0.1385721,5,4.532,4.965,9.68,85,5.199,0.203,0.1225438,5.145,0.66,5.147
"2012-04-26 03:35:00",447,7.746,67.58,4.967,0.231,0.1385761,5,4.532,4.966,9.54,83.7,5.202,0.204,0.1226944,5.126,0.661,5.14
"2012-04-26 03:40:00",448,7.745,67.57,4.964,0.231,0.1385551,4.981,4.533,4.965,9.59,84.1,5.172,0.204,0.1229448,5.126,0.662,5.124
"2012-04-26 03:45:00",449,7.751,67.64,4.969,0.231,0.1386286,5.011,4.533,4.965,9.62,84.3,5.156,0.204,0.1226784,5.098,0.662,5.111
"2012-04-26 03:50:00",450,7.75,67.62,4.965,0.231,0.1385861,4.973,4.533,4.964,9.68,84.8,5.134,0.202,0.1216398,5.098,0.663,5.092
"2012-04-26 03:55:00",451,7.744,67.56,4.963,0.232,0.1387278,4.954,4.534,4.965,9.71,85,5.126,0.201,0.1208678,5.07,0.663,5.072
"2012-04-26 04:00:00",452,7.748,67.59,4.959,0.231,0.1386072,5.003,4.534,4.965,9.75,85.4,5.121,0.2,0.1199562,5.032,0.664,5.048
"2012-04-26 04:05:00",453,7.746,67.57,4.96,0.231,0.138616,4.964,4.534,4.966,9.84,86.1,5.081,0.2,0.1203377,5.013,0.664,5.033
"2012-04-26 04:10:00",454,7.745,67.58,4.966,0.231,0.1386417,5.003,4.534,4.966,9.47,82.9,5.107,0.202,0.121176,5.013,0.664,5.028
"2012-04-26 04:15:00",455,7.747,67.59,4.964,0.231,0.1385816,4.965,4.534,4.966,9.85,86.2,5.056,0.198,0.1189165,4.974,0.664,5.001
"2012-04-26 04:20:00",456,7.745,67.57,4.964,0.231,0.1386408,4.984,4.534,4.965,9.54,83.4,5.032,0.199,0.119212,4.974,0.664,4.986
"2012-04-26 04:25:00",457,7.752,67.64,4.97,0.231,0.1385754,4.945,4.535,4.966,9.85,86.1,5.024,0.199,0.119101,4.994,0.664,4.962
"2012-04-26 04:30:00",458,7.747,67.59,4.965,0.231,0.1386884,4.994,4.535,4.967,9.9,86.4,5.005,0.199,0.1190227,4.936,0.664,4.957
"2012-04-26 04:35:00",459,7.745,67.58,4.968,0.231,0.1385877,4.984,4.535,4.967,9.78,85.5,5.008,0.198,0.1188653,4.965,0.664,4.94
"2012-04-26 04:40:00",460,7.746,67.59,4.971,0.231,0.1385878,4.994,4.535,4.967,9.86,86.1,4.985,0.199,0.1189668,4.917,0.664,4.932
"2012-04-26 04:45:00",461,7.748,67.59,4.961,0.231,0.1386328,4.994,4.535,4.967,9.76,85.2,4.984,0.199,0.118888,4.917,0.664,4.933
"2012-04-26 04:50:00",462,7.747,67.59,4.963,0.231,0.1385879,4.965,4.536,4.968,9.89,86.3,4.978,0.2,0.1193612,4.908,0.665,4.931
"2012-04-26 04:55:00",463,7.744,67.58,4.97,0.231,0.1386103,4.975,4.536,4.968,9.7,84.7,4.982,0.2,0.1194514,4.936,0.664,4.923
"2012-04-26 05:00:00",464,7.745,67.59,4.971,0.231,0.1385655,4.975,4.536,4.967,9.77,85.2,4.962,0.2,0.1194627,4.927,0.664,4.917
"2012-04-26 05:05:00",465,7.75,67.61,4.964,0.231,0.1385387,4.984,4.536,4.967,9.96,86.9,4.963,0.199,0.1186817,4.879,0.665,4.898
"2012-04-26 05:10:00",466,7.745,67.58,4.969,0.231,0.1385637,4.965,4.536,4.968,9.95,86.8,4.93,0.198,0.1186388,4.926,0.665,4.895
"2012-04-26 05:15:00",467,7.748,67.61,4.971,0.231,0.1385872,4.984,4.536,4.968,9.98,87,4.935,0.198,0.1185383,4.859,0.665,4.883
"2012-04-26 05:20:00",468,7.745,67.58,4.967,0.231,0.1386436,4.984,4.537,4.968,9.96,86.8,4.909,0.198,0.1183585,4.888,0.665,4.872
"2012-04-26 05:25:00",469,7.746,67.6,4.974,0.231,0.1386214,4.984,4.537,4.969,9.93,86.5,4.907,0.198,0.1182012,4.878,0.665,4.863
"2012-04-26 05:30:00",470,7.744,67.58,4.972,0.231,0.1387338,4.994,4.537,4.968,9.92,86.5,4.922,0.198,0.1183701,4.859,0.665,4.857
"2012-04-26 05:35:00",471,7.746,67.59,4.973,0.231,0.1386552,4.975,4.537,4.969,9.54,83.1,4.903,0.199,0.1192035,4.879,0.665,4.874
"2012-04-26 05:40:00",472,7.748,67.62,4.971,0.231,0.1386103,5.004,4.537,4.97,9.83,85.5,4.866,0.198,0.1183251,4.821,0.665,4.841
"2012-04-26 05:45:00",473,7.744,67.57,4.97,0.231,0.1385204,4.975,4.537,4.97,9.75,84.9,4.866,0.198,0.118235,4.84,0.665,4.824
"2012-04-26 05:50:00",474,7.751,67.63,4.968,0.231,0.1386215,5.023,4.537,4.97,9.95,86.6,4.881,0.198,0.1182125,4.802,0.665,4.819
"2012-04-26 05:55:00",475,7.747,67.61,4.973,0.231,0.138644,5.004,4.537,4.97,9.86,85.8,4.858,0.2,0.1190345,4.821,0.665,4.82
"2012-04-26 06:00:00",476,7.743,67.57,4.971,0.231,0.1386552,5.004,4.537,4.973,9.9,86.1,4.858,0.199,0.1185839,4.84,0.665,4.805
"2012-04-26 06:05:00",477,7.745,67.59,4.974,0.231,0.138644,4.985,4.537,4.975,9.98,86.8,4.857,0.199,0.1184488,4.802,0.665,4.8
"2012-04-26 06:10:00",478,7.745,67.58,4.969,0.231,0.1384532,4.975,4.537,4.974,9.94,86.5,4.859,0.199,0.1184714,4.792,0.665,4.791
"2012-04-26 06:15:00",479,7.741,67.54,4.966,0.231,0.1386103,4.956,4.537,4.975,9.87,85.8,4.855,0.2,0.119102,4.811,0.664,4.798
"2012-04-26 06:20:00",480,7.745,67.59,4.972,0.231,0.1385655,4.965,4.537,4.976,9.88,86,4.858,0.2,0.1193049,4.811,0.664,4.799
"2012-04-26 06:25:00",481,7.745,67.59,4.972,0.231,0.1385879,4.965,4.537,4.975,9.72,84.5,4.834,0.202,0.1201957,4.821,0.664,4.797
"2012-04-26 06:30:00",482,7.74,67.54,4.972,0.231,0.1386103,4.975,4.537,4.975,9.85,85.7,4.849,0.202,0.120523,4.763,0.664,4.788
"2012-04-26 06:35:00",483,7.745,67.59,4.972,0.231,0.1386023,4.994,4.538,4.976,9.93,86.3,4.841,0.203,0.1207644,4.792,0.665,4.789
"2012-04-26 06:40:00",484,7.747,67.61,4.973,0.231,0.1386009,4.974,4.538,4.975,9.64,83.9,4.836,0.202,0.1202554,4.763,0.664,4.792
"2012-04-26 06:45:00",485,7.746,67.6,4.974,0.231,0.1385391,4.964,4.538,4.972,9.8,85.2,4.833,0.202,0.1203955,4.781,0.664,4.791
"2012-04-26 06:50:00",486,7.744,67.57,4.968,0.231,0.1386088,4.993,4.538,4.97,9.82,85.4,4.836,0.202,0.1202734,4.782,0.663,4.787
"2012-04-26 06:55:00",487,7.742,67.57,4.976,0.231,0.1386294,4.974,4.538,4.971,9.9,86.1,4.832,0.202,0.1202267,4.791,0.663,4.781
"2012-04-26 07:00:00",488,7.744,67.58,4.972,0.231,0.1386872,5.013,4.538,4.971,9.82,85.4,4.836,0.204,0.1215042,4.791,0.663,4.791
"2012-04-26 07:05:00",489,7.743,67.57,4.97,0.231,0.1385422,4.994,4.537,4.971,9.87,85.8,4.837,0.202,0.1206466,4.801,0.663,4.783
"2012-04-26 07:10:00",490,7.746,67.59,4.965,0.231,0.1385617,4.974,4.537,4.971,9.78,85.1,4.848,0.204,0.121819,4.791,0.663,4.791
"2012-04-26 07:15:00",491,7.745,67.58,4.972,0.231,0.1385586,4.984,4.537,4.972,9.84,85.6,4.852,0.204,0.1215902,4.772,0.663,4.792
"2012-04-26 07:20:00",492,7.742,67.58,4.978,0.231,0.138579,4.974,4.537,4.974,9.74,84.7,4.831,0.204,0.1217242,4.772,0.662,4.794
"2012-04-26 07:25:00",493,7.748,67.61,4.971,0.231,0.1386532,4.983,4.537,4.974,9.69,84.3,4.88,0.206,0.122829,4.801,0.662,4.813
"2012-04-26 07:30:00",494,7.745,67.59,4.973,0.231,0.1386007,5.002,4.537,4.974,9.53,82.9,4.858,0.208,0.1238064,4.829,0.662,4.845
"2012-04-26 07:35:00",495,7.741,67.55,4.97,0.231,0.1385949,4.973,4.537,4.978,9.9,86.2,4.881,0.206,0.1227251,4.828,0.662,4.815
"2012-04-26 07:40:00",496,7.748,67.61,4.969,0.231,0.1386601,4.963,4.537,4.98,9.83,85.5,4.879,0.207,0.1235048,4.809,0.661,4.828
"2012-04-26 07:45:00",497,7.745,67.6,4.978,0.231,0.138635,5.001,4.537,4.98,9.84,85.6,4.858,0.206,0.1229247,4.837,0.661,4.816
"2012-04-26 07:50:00",498,7.744,67.58,4.972,0.231,0.1386761,4.99,4.537,4.98,9.89,86.1,4.902,0.206,0.1228761,4.798,0.661,4.819
"2012-04-26 07:55:00",499,7.745,67.59,4.969,0.231,0.1386633,5.018,4.537,4.973,9.61,83.7,4.882,0.208,0.1240304,4.836,0.661,4.839
"2012-04-26 08:00:00",500,7.745,67.58,4.967,0.231,0.1385056,4.989,4.537,4.969,9.59,83.5,4.881,0.208,0.1240525,4.816,0.661,4.845
"2012-04-26 08:05:00",501,7.74,67.54,4.969,0.231,0.13864,5.008,4.537,4.97,9.5,82.7,4.885,0.209,0.12454,4.796,0.66,4.834
"2012-04-26 08:10:00",502,7.744,67.58,4.973,0.231,0.1385612,4.979,4.536,4.971,9.57,83.3,4.878,0.209,0.1248803,4.854,0.66,4.838
"2012-04-26 08:15:00",503,7.743,67.56,4.969,0.231,0.1386285,5.007,4.536,4.973,9.75,84.9,4.884,0.209,0.1249597,4.863,0.659,4.842
"2012-04-26 08:20:00",504,7.74,67.53,4.965,0.231,0.1385275,4.978,4.536,4.973,9.65,84,4.882,0.21,0.1253345,4.796,0.659,4.835
"2012-04-26 08:25:00",505,7.739,67.54,4.974,0.231,0.1386033,4.978,4.536,4.974,9.62,83.8,4.903,0.211,0.1261388,4.853,0.659,4.845
"2012-04-26 08:30:00",506,7.745,67.59,4.971,0.231,0.1385264,4.978,4.536,4.975,9.54,83.1,4.903,0.212,0.1263677,4.843,0.658,4.843
"2012-04-26 08:35:00",507,7.746,67.61,4.976,0.231,0.1385157,5.007,4.536,4.977,9.67,84.1,4.88,0.212,0.126391,4.824,0.658,4.841
"2012-04-26 08:40:00",508,7.745,67.59,4.975,0.231,0.1386619,4.978,4.536,4.98,9.71,84.5,4.902,0.212,0.1268008,4.853,0.657,4.849
"2012-04-26 08:45:00",509,7.751,67.65,4.973,0.231,0.1385834,4.978,4.535,4.983,9.6,83.6,4.911,0.213,0.1274042,4.863,0.657,4.846
"2012-04-26 08:50:00",510,7.746,67.61,4.976,0.231,0.1385835,4.969,4.535,4.987,9.66,84.2,4.906,0.214,0.1277005,4.834,0.656,4.848
"2012-04-26 08:55:00",511,7.747,67.61,4.977,0.231,0.1385086,4.988,4.535,4.986,9.52,83,4.919,0.216,0.1288222,4.843,0.656,4.861
"2012-04-26 09:00:00",512,7.744,67.58,4.974,0.231,0.1386091,5.016,4.535,4.987,9.37,81.6,4.913,0.216,0.1289815,4.872,0.656,4.869
"2012-04-26 09:05:00",513,7.748,67.61,4.975,0.231,0.1386983,4.977,4.535,4.987,9.54,83.1,4.931,0.217,0.1296203,4.852,0.655,4.87
"2012-04-26 09:10:00",514,7.747,67.61,4.975,0.231,0.1386895,4.977,4.535,4.987,9.32,81.3,4.929,0.218,0.1302853,4.89,0.655,4.893
"2012-04-26 09:15:00",515,7.746,67.61,4.978,0.231,0.1385586,4.987,4.534,4.988,9.44,82.3,4.932,0.219,0.1308949,4.91,0.655,4.883
"2012-04-26 09:20:00",516,7.75,67.64,4.975,0.231,0.1385331,4.996,4.534,4.989,9.26,80.7,4.953,0.219,0.1307777,4.919,0.655,4.903
"2012-04-26 09:25:00",517,7.748,67.62,4.974,0.231,0.1386708,5.006,4.534,4.991,9.43,82.3,4.977,0.219,0.1310904,4.9,0.654,4.916
"2012-04-26 09:30:00",518,7.749,67.63,4.975,0.231,0.1385175,4.996,4.534,4.996,9.52,83.2,5.007,0.22,0.1314717,4.919,0.654,4.943
"2012-04-26 09:35:00",519,7.756,67.68,4.972,0.231,0.1386019,4.986,4.533,4.998,9.37,81.8,5.023,0.22,0.1319125,4.967,0.654,4.964
"2012-04-26 09:40:00",520,7.748,67.62,4.976,0.231,0.1385391,5.005,4.533,4.998,9.36,81.8,5.057,0.221,0.1324791,5.015,0.653,4.987
"2012-04-26 09:45:00",521,9.47,85.3,6.237,0.231,0.1384027,4.995,4.519,4.994,9.41,82.3,5.093,0.221,0.1324889,5.005,0.653,5.017
"2012-04-26 09:50:00",522,10.71,100.9,8.01,0.231,0.1383494,4.995,4.518,5.002,9.34,81.9,5.124,0.222,0.1333641,5.082,0.652,5.047
