"TOA5","Nyack CASC","CR1000","43359","CR1000.Std.22","CPU:Nyack_CASC_corrected 1hr.CR1","47364","Table1"
"TIMESTAMP","RECORD","DoConc6","DoSat6","DO_W_T6","Cond6","Ct6","Cond_W_T6","Lvl_m6","Lvl_W_T6"
"TS","RN","mg/L","%","oC","mS/cm","mS/cm","Deg C","meters","deg C"
"","","Smp","Smp","Smp","Smp","Smp","Smp","Smp","Smp"
"2012-09-06 16:00:00",0,9.96,104,12.36,0.191,0.1428734,12.37,0.915,12.21
"2012-09-06 17:00:00",1,10.07,106.2,12.61,0.191,0.1435338,12.59,0.929,12.39
"2012-09-06 18:00:00",2,10.08,106.1,12.57,0.191,0.1434084,12.6,0.929,12.41
"2012-09-06 19:00:00",3,9.95,104.3,12.36,0.191,0.1426735,12.35,0.928,12.2
"2012-09-06 20:00:00",4,9.78,102,12.13,0.191,0.1420181,12.15,0.929,11.97
"2012-09-06 21:00:00",5,9.68,100.4,11.9,0.191,0.1412465,11.89,0.927,11.74
"2012-09-06 22:00:00",6,9.63,99.5,11.68,0.192,0.1404645,11.66,0.928,11.53
"2012-09-06 23:00:00",7,9.62,98.8,11.46,0.192,0.1398372,11.46,0.928,11.31
"2012-09-07 00:00:00",8,9.65,98.5,11.22,0.192,0.1389353,11.22,0.927,11.07
"2012-09-07 01:00:00",9,9.67,98.2,10.97,0.192,0.1382849,11,0.926,10.82
"2012-09-07 02:00:00",10,9.71,98,10.72,0.193,0.1376349,10.75,0.927,10.57
"2012-09-07 03:00:00",11,9.77,98.1,10.49,0.193,0.1369426,10.46,0.926,10.3
"2012-09-07 04:00:00",12,9.84,98.1,10.18,0.194,0.1361403,10.16,0.926,10.02
"2012-09-07 05:00:00",13,9.9,98.2,9.97,0.194,0.1355877,9.96,0.926,9.81
"2012-09-07 06:00:00",14,10,98.6,9.73,0.194,0.134959,9.75,0.925,9.58
"2012-09-07 07:00:00",15,10.06,98.9,9.59,0.194,0.1345076,9.6,0.926,9.43
"2012-09-07 08:00:00",16,10.19,99.9,9.46,0.195,0.1341014,9.46,0.924,9.31
"2012-09-07 09:00:00",17,10.33,101.3,9.47,0.195,0.1340317,9.44,0.924,9.3
"2012-09-07 10:00:00",18,10.52,103.3,9.53,0.195,0.1342085,9.49,0.924,9.38
"2012-09-07 11:00:00",19,10.48,103.4,9.75,0.194,0.1349234,9.73,0.923,9.61
"2012-09-07 12:00:00",20,10.54,105.2,10.24,0.194,0.1369034,10.22,0.924,10.1
"2012-09-07 13:00:00",21,10.5,106.2,10.8,0.194,0.1389256,10.81,0.924,10.64
"2012-09-07 14:00:00",22,10.41,106.7,11.39,0.194,0.1411587,11.37,0.925,11.22
"2012-09-07 15:00:00",23,10.11,105.2,12.04,0.194,0.1435376,11.99,0.926,11.86
"2012-09-07 16:00:00",24,10.09,106.1,12.52,0.193,0.1452416,12.53,0.925,12.38
"2012-09-07 17:00:00",25,9.98,105.9,12.87,0.194,0.1466774,12.87,0.926,12.72
"2012-09-07 18:00:00",26,9.91,105.5,13.02,0.194,0.1471833,13.03,0.925,12.85
"2012-09-07 19:00:00",27,9.77,103.7,12.91,0.194,0.146924,12.94,0.925,12.75
"2012-09-07 20:00:00",28,9.61,101.7,12.8,0.194,0.1467338,12.8,0.924,12.64
"2012-09-07 21:00:00",29,9.47,100,12.66,0.194,0.1465303,12.68,0.923,12.5
"2012-09-07 22:00:00",30,9.44,99.3,12.49,0.194,0.1456659,12.51,0.923,12.32
"2012-09-07 23:00:00",31,9.44,98.7,12.26,0.195,0.1452367,12.28,0.923,12.08
"2012-09-08 00:00:00",32,9.48,98.4,11.92,0.195,0.1438732,11.94,0.922,11.75
"2012-09-08 01:00:00",33,9.55,98.3,11.55,0.195,0.1429239,11.57,0.921,11.39
"2012-09-08 02:00:00",34,9.61,98.2,11.23,0.196,0.1417578,11.22,0.921,11.06
"2012-09-08 03:00:00",35,9.68,98.2,10.92,0.196,0.1406779,10.93,0.921,10.77
"2012-09-08 04:00:00",36,9.76,98.3,10.61,0.196,0.1396377,10.63,0.92,10.46
"2012-09-08 05:00:00",37,9.82,98.2,10.32,0.196,0.1385155,10.29,0.92,10.15
"2012-09-08 06:00:00",38,9.89,98.2,10.03,0.196,0.1374893,10.02,0.92,9.85
"2012-09-08 07:00:00",39,10.01,98.8,9.76,0.196,0.1365464,9.76,0.919,9.61
"2012-09-08 08:00:00",40,10.13,99.7,9.65,0.196,0.1360539,9.63,0.919,9.48
"2012-09-08 09:00:00",41,9.87,97.1,9.64,0.196,0.1360393,9.63,0.919,9.51
"2012-09-08 10:00:00",42,10.38,102.5,9.78,0.196,0.1364477,9.79,0.918,9.64
"2012-09-08 11:00:00",43,10.43,103.6,10.04,0.196,0.1373955,10.03,0.918,9.9
"2012-09-08 12:00:00",44,10.49,105.1,10.42,0.196,0.1387205,10.42,0.919,10.26
"2012-09-08 13:00:00",45,10.45,105.9,10.9,0.196,0.1406248,10.91,0.918,10.76
"2012-09-08 14:00:00",46,10.3,106,11.53,0.196,0.14301,11.54,0.919,11.39
"2012-09-08 15:00:00",47,10.17,106.1,12.14,0.195,0.1448593,12.14,0.919,11.98
"2012-09-08 16:00:00",48,10.05,106,12.66,0.195,0.1469265,12.68,0.918,12.52
"2012-09-08 17:00:00",49,9.94,105.5,12.93,0.195,0.1478799,12.93,0.919,12.78
"2012-09-08 18:00:00",50,9.86,105.1,13.06,0.195,0.1484147,13.05,0.919,12.89
"2012-09-08 19:00:00",51,9.76,103.7,12.98,0.195,0.1480401,13.01,0.918,12.81
"2012-09-08 20:00:00",52,9.53,100.9,12.79,0.195,0.1476384,12.82,0.919,12.64
"2012-09-08 21:00:00",53,9.42,99.3,12.63,0.195,0.1472115,12.65,0.918,12.47
"2012-09-08 22:00:00",54,9.37,98.5,12.48,0.196,0.1468061,12.51,0.918,12.32
"2012-09-08 23:00:00",55,9.32,97.6,12.27,0.196,0.1459004,12.28,0.917,12.11
"2012-09-09 00:00:00",56,9.39,97.5,11.94,0.196,0.1450181,11.94,0.918,11.78
"2012-09-09 01:00:00",57,9.44,97.3,11.61,0.196,0.1438919,11.63,0.916,11.46
"2012-09-09 02:00:00",58,9.51,97.3,11.29,0.197,0.1429157,11.33,0.915,11.13
"2012-09-09 03:00:00",59,9.57,97.2,11.02,0.197,0.1420878,11.03,0.915,10.87
"2012-09-09 04:00:00",60,9.63,97.3,10.76,0.197,0.1410302,10.78,0.915,10.61
"2012-09-09 05:00:00",61,9.69,97.4,10.55,0.197,0.1402527,10.56,0.915,10.39
"2012-09-09 06:00:00",62,9.75,97.5,10.29,0.198,0.1394005,10.29,0.914,10.13
"2012-09-09 07:00:00",63,9.8,97.4,10.08,0.198,0.1386288,10.05,0.914,9.91
"2012-09-09 08:00:00",64,9.97,98.9,9.99,0.198,0.1382285,9.97,0.914,9.83
"2012-09-09 09:00:00",65,10.14,100.6,9.99,0.197,0.1381351,9.97,0.914,9.81
"2012-09-09 10:00:00",66,10.28,101.9,9.95,0.197,0.1379052,9.93,0.915,9.8
"2012-09-09 11:00:00",67,10.34,102.6,9.99,0.197,0.1379442,9.99,0.914,9.83
"2012-09-09 12:00:00",68,10.44,103.8,10.04,0.197,0.1380008,10.02,0.913,9.87
"2012-09-09 13:00:00",69,10.43,104.2,10.25,0.197,0.1386793,10.26,0.914,10.11
"2012-09-09 14:00:00",70,10.39,104.6,10.58,0.196,0.1398187,10.59,0.914,10.44
"2012-09-09 15:00:00",71,10.39,104.9,10.74,0.196,0.1402949,10.74,0.914,10.59
"2012-09-09 16:00:00",72,10.37,105.2,10.93,0.196,0.1408919,10.95,0.915,10.78
"2012-09-09 17:00:00",73,10.26,104.8,11.21,0.196,0.1418474,11.24,0.914,11.07
"2012-09-09 18:00:00",74,10.21,104.6,11.36,0.196,0.1423273,11.36,0.915,11.2
"2012-09-09 19:00:00",75,10.09,103.2,11.3,0.196,0.1421407,11.31,0.914,11.14
"2012-09-09 20:00:00",76,9.94,101.5,11.23,0.196,0.1418784,11.21,0.915,11.07
"2012-09-09 21:00:00",77,9.78,99.6,11.08,0.196,0.1415706,11.09,0.914,10.94
"2012-09-09 22:00:00",78,9.72,98.6,10.95,0.196,0.1412532,10.97,0.914,10.8
"2012-09-09 23:00:00",79,9.69,98,10.78,0.196,0.1406796,10.81,0.913,10.63
"2012-09-10 00:00:00",80,9.68,97.4,10.6,0.197,0.1401351,10.64,0.914,10.45
"2012-09-10 01:00:00",81,9.61,96.4,10.43,0.197,0.1395424,10.43,0.913,10.26
"2012-09-10 02:00:00",82,9.72,97.1,10.26,0.197,0.1389922,10.26,0.913,10.1
"2012-09-10 03:00:00",83,9.76,97,10.09,0.197,0.1385278,10.09,0.912,9.93
"2012-09-10 04:00:00",84,9.82,97.2,9.88,0.198,0.1378159,9.87,0.912,9.73
"2012-09-10 05:00:00",85,9.83,97,9.75,0.197,0.1373265,9.77,0.911,9.59
"2012-09-10 06:00:00",86,9.87,97,9.59,0.198,0.1367615,9.58,0.91,9.42
"2012-09-10 07:00:00",87,9.92,97.1,9.42,0.198,0.1362759,9.43,0.911,9.27
"2012-09-10 08:00:00",88,10.07,98.5,9.38,0.198,0.136043,9.38,0.912,9.22
"2012-09-10 09:00:00",89,10.18,99.7,9.41,0.198,0.1360178,9.41,0.913,9.25
"2012-09-10 10:00:00",90,10.34,101.7,9.61,0.198,0.1366899,9.58,0.911,9.46
"2012-09-10 11:00:00",91,10.34,101.8,9.69,0.198,0.1370061,9.68,0.911,9.54
"2012-09-10 12:00:00",92,10.32,101.6,9.62,0.197,0.136831,9.64,0.911,9.47
"2012-09-10 13:00:00",93,10.35,101.9,9.62,0.198,0.1367317,9.61,0.91,9.48
"2012-09-10 14:00:00",94,10.35,101.9,9.66,0.197,0.1367795,9.64,0.912,9.5
"2012-09-10 15:00:00",95,10.4,102.4,9.69,0.197,0.1367464,9.7,0.912,9.53
"2012-09-10 16:00:00",96,10.42,102.8,9.71,0.197,0.1367404,9.71,0.912,9.56
"2012-09-10 17:00:00",97,10.4,102.7,9.76,0.197,0.1368227,9.77,0.911,9.61
"2012-09-10 18:00:00",98,10.38,102.6,9.79,0.197,0.1368721,9.81,0.913,9.64
"2012-09-10 19:00:00",99,10.32,101.9,9.78,0.197,0.1368557,9.78,0.912,9.63
"2012-09-10 20:00:00",100,10.25,101.1,9.75,0.197,0.1367856,9.73,0.912,9.6
"2012-09-10 21:00:00",101,10.1,99.6,9.71,0.197,0.1366517,9.71,0.912,9.55
"2012-09-10 22:00:00",102,10.07,99,9.59,0.197,0.1362082,9.61,0.912,9.44
"2012-09-10 23:00:00",103,10.05,98.6,9.48,0.197,0.1358682,9.5,0.913,9.33
"2012-09-11 00:00:00",104,10.05,98.3,9.37,0.197,0.1354825,9.35,0.912,9.21
"2012-09-11 01:00:00",105,10.06,97.9,9.19,0.197,0.1348844,9.18,0.911,9.02
"2012-09-11 02:00:00",106,10.1,97.8,8.98,0.197,0.1341639,8.98,0.911,8.83
"2012-09-11 03:00:00",107,10.14,97.8,8.81,0.197,0.1336068,8.83,0.91,8.67
"2012-09-11 04:00:00",108,10.19,97.9,8.65,0.197,0.1329783,8.7,0.909,8.51
"2012-09-11 05:00:00",109,10.21,97.8,8.5,0.198,0.1324425,8.52,0.909,8.36
"2012-09-11 06:00:00",110,10.27,98,8.35,0.198,0.1318257,8.36,0.909,8.22
"2012-09-11 07:00:00",111,10.34,98.2,8.17,0.198,0.1310981,8.18,0.91,8.03
"2012-09-11 08:00:00",112,10.47,99.3,8.12,0.197,0.1308607,8.15,0.91,7.987
"2012-09-11 09:00:00",113,10.67,101.4,8.22,0.197,0.1311572,8.21,0.91,8.1
"2012-09-11 10:00:00",114,10.69,102.1,8.38,0.197,0.1317292,8.39,0.91,8.25
"2012-09-11 11:00:00",115,10.81,103.9,8.67,0.197,0.132839,8.68,0.91,8.55
"2012-09-11 12:00:00",116,10.73,104.3,9.14,0.197,0.1345437,9.11,0.909,9.01
"2012-09-11 13:00:00",117,10.75,105.8,9.65,0.197,0.1365092,9.68,0.91,9.52
"2012-09-11 14:00:00",118,10.65,105.8,10,0.197,0.1377769,9.99,0.91,9.85
"2012-09-11 15:00:00",119,10.61,105.9,10.23,0.197,0.1386031,10.24,0.91,10.08
"2012-09-11 16:00:00",120,10.52,105.3,10.37,0.197,0.13908,10.36,0.91,10.2
"2012-09-11 17:00:00",121,10.46,104.9,10.4,0.197,0.1392452,10.41,0.909,10.23
"2012-09-11 18:00:00",122,10.39,104.1,10.39,0.197,0.1391875,10.38,0.91,10.22
"2012-09-11 19:00:00",123,10.3,103,10.34,0.197,0.139127,10.31,0.91,10.18
"2012-09-11 20:00:00",124,10.21,102.1,10.31,0.197,0.1390879,10.28,0.908,10.14
"2012-09-11 21:00:00",125,10.04,100,10.15,0.198,0.1389679,10.17,0.908,10.01
"2012-09-11 22:00:00",126,10.02,99.8,10.13,0.198,0.1388429,10.13,0.908,9.97
"2012-09-11 23:00:00",127,9.95,98.9,10.04,0.198,0.1386503,10.05,0.907,9.88
"2012-09-12 00:00:00",128,9.96,98.4,9.82,0.198,0.1379671,9.81,0.906,9.66
"2012-09-12 01:00:00",129,10.04,98.5,9.49,0.198,0.1368287,9.48,0.906,9.33
"2012-09-12 02:00:00",130,10.14,98.4,9.08,0.199,0.1354438,9.1,0.906,8.94
"2012-09-12 03:00:00",131,10.23,98.5,8.72,0.199,0.1342103,8.71,0.905,8.59
"2012-09-12 04:00:00",132,10.31,98.5,8.43,0.199,0.1331253,8.44,0.905,8.28
"2012-09-12 05:00:00",133,10.37,98.5,8.16,0.199,0.1321961,8.16,0.904,8.02
"2012-09-12 06:00:00",134,10.39,98.1,7.926,0.2,0.1313454,7.911,0.903,7.778
"2012-09-12 07:00:00",135,10.47,98.4,7.722,0.2,0.1305783,7.715,0.903,7.573
"2012-09-12 08:00:00",136,10.69,100.1,7.571,0.2,0.1300214,7.568,0.903,7.435
"2012-09-12 09:00:00",137,10.86,101.6,7.548,0.199,0.1297278,7.532,0.903,7.395
"2012-09-12 10:00:00",138,10.95,102.6,7.616,0.199,0.1300813,7.637,0.903,7.525
"2012-09-12 11:00:00",139,10.94,103.2,7.88,0.199,0.130915,7.905,0.902,7.769
"2012-09-12 12:00:00",140,10.97,104.5,8.28,0.199,0.1322654,8.29,0.903,8.14
"2012-09-12 13:00:00",141,10.96,105.6,8.74,0.198,0.1339483,8.75,0.904,8.6
"2012-09-12 14:00:00",142,10.89,106.3,9.28,0.198,0.1358862,9.25,0.905,9.13
"2012-09-12 15:00:00",143,10.76,106.3,9.78,0.198,0.1377978,9.77,0.904,9.64
"2012-09-12 16:00:00",144,10.62,106,10.25,0.198,0.1395184,10.24,0.904,10.09
"2012-09-12 17:00:00",145,10.53,105.7,10.48,0.198,0.1403937,10.51,0.904,10.32
"2012-09-12 18:00:00",146,10.46,105.1,10.53,0.198,0.1405489,10.54,0.905,10.35
"2012-09-12 19:00:00",147,10.34,103.7,10.44,0.198,0.1402821,10.41,0.904,10.28
"2012-09-12 20:00:00",148,10.17,101.7,10.34,0.198,0.1399419,10.3,0.904,10.17
"2012-09-12 21:00:00",149,10.1,100.8,10.2,0.198,0.1394861,10.18,0.904,10.04
"2012-09-12 22:00:00",150,10.07,100,10.04,0.198,0.1389987,10.03,0.903,9.88
"2012-09-12 23:00:00",151,10.05,99.5,9.9,0.198,0.1384043,9.87,0.902,9.72
"2012-09-13 00:00:00",152,10.07,99,9.59,0.199,0.1375306,9.6,0.902,9.44
"2012-09-13 01:00:00",153,10.15,99,9.29,0.199,0.136437,9.29,0.902,9.14
"2012-09-13 02:00:00",154,10.21,99,9.03,0.199,0.13546,9.01,0.902,8.87
"2012-09-13 03:00:00",155,10.29,99.1,8.74,0.199,0.1345883,8.74,0.901,8.6
"2012-09-13 04:00:00",156,10.35,98.9,8.45,0.2,0.1335985,8.44,0.9,8.32
"2012-09-13 05:00:00",157,10.41,99.1,8.24,0.2,0.1328257,8.27,0.9,8.09
"2012-09-13 06:00:00",158,10.31,97.5,7.985,0.2,0.1319072,7.973,0.9,7.833
"2012-09-13 07:00:00",159,10.59,99.5,7.732,0.2,0.1310532,7.724,0.899,7.593
"2012-09-13 08:00:00",160,10.74,100.7,7.633,0.2,0.1306266,7.613,0.9,7.477
"2012-09-13 09:00:00",161,10.9,102,7.59,0.2,0.1304612,7.606,0.899,7.485
"2012-09-13 10:00:00",162,10.87,102.3,7.764,0.2,0.1310675,7.75,0.899,7.656
"2012-09-13 11:00:00",163,10.98,104,8.05,0.2,0.13216,8.06,0.899,7.949
"2012-09-13 12:00:00",164,11.02,105.5,8.49,0.2,0.1337701,8.52,0.898,8.38
"2012-09-13 13:00:00",165,10.98,106.5,9.02,0.199,0.1356854,9.02,0.901,8.88
"2012-09-13 14:00:00",166,10.88,107,9.59,0.199,0.1377679,9.56,0.9,9.45
"2012-09-13 15:00:00",167,10.61,105.9,10.26,0.199,0.1403,10.22,0.9,10.08
"2012-09-13 16:00:00",168,10.59,106.9,10.71,0.199,0.1420013,10.7,0.901,10.57
"2012-09-13 17:00:00",169,10.46,106.4,11.02,0.199,0.1431887,11.05,0.901,10.89
"2012-09-13 18:00:00",170,10.37,105.7,11.11,0.199,0.1435027,11.12,0.901,10.96
"2012-09-13 19:00:00",171,10.21,103.9,11.09,0.199,0.1433907,11.09,0.901,10.94
"2012-09-13 20:00:00",172,10.07,102.4,11.03,0.199,0.143258,11.07,0.901,10.88
"2012-09-13 21:00:00",173,9.97,101.2,10.95,0.199,0.1430227,10.98,0.901,10.79
"2012-09-13 22:00:00",174,9.89,100.1,10.83,0.199,0.1426473,10.86,0.9,10.69
"2012-09-13 23:00:00",175,9.85,99.4,10.68,0.199,0.1421898,10.69,0.9,10.53
"2012-09-14 00:00:00",176,9.86,98.8,10.39,0.199,0.1412686,10.42,0.9,10.25
"2012-09-14 01:00:00",177,9.9,98.5,10.11,0.2,0.1402237,10.1,0.9,9.95
"2012-09-14 02:00:00",178,9.99,98.6,9.79,0.2,0.1392407,9.8,0.899,9.63
"2012-09-14 03:00:00",179,10.04,98.5,9.53,0.2,0.1381461,9.51,0.898,9.37
"2012-09-14 04:00:00",180,10.1,98.5,9.28,0.2,0.1373309,9.29,0.898,9.13
"2012-09-14 05:00:00",181,10.17,98.6,8.99,0.2,0.1362876,9.01,0.898,8.84
"2012-09-14 06:00:00",182,10.26,98.8,8.72,0.201,0.1352148,8.69,0.897,8.56
"2012-09-14 07:00:00",183,10.32,98.8,8.47,0.201,0.1343325,8.45,0.897,8.32
"2012-09-14 08:00:00",184,10.44,99.6,8.33,0.201,0.1339144,8.35,0.897,8.2
"2012-09-14 09:00:00",185,10.57,100.7,8.29,0.201,0.1336877,8.31,0.896,8.16
"2012-09-14 10:00:00",186,10.74,102.6,8.4,0.201,0.133959,8.39,0.897,8.28
"2012-09-14 11:00:00",187,10.82,104.1,8.7,0.2,0.1350474,8.72,0.897,8.58
"2012-09-14 12:00:00",188,10.8,105.2,9.19,0.2,0.1369113,9.18,0.896,9.06
"2012-09-14 13:00:00",189,10.79,106.3,9.69,0.204,0.1415568,9.7,0.897,9.55
"2012-09-14 14:00:00",190,10.72,107,10.23,0.202,0.142488,10.21,0.898,10.08
"2012-09-14 15:00:00",191,10.61,107.3,10.79,0.201,0.1440707,10.78,0.898,10.65
"2012-09-14 16:00:00",192,10.45,106.9,11.3,0.201,0.1461266,11.28,0.898,11.13
"2012-09-14 17:00:00",193,10.38,106.7,11.53,0.2,0.1463893,11.54,0.898,11.37
"2012-09-14 18:00:00",194,10.29,106,11.6,0.201,0.1473818,11.6,0.898,11.44
"2012-09-14 19:00:00",195,10.15,104.5,11.6,0.201,0.1468849,11.61,0.897,11.44
"2012-09-14 20:00:00",196,9.96,102.5,11.53,0.199,0.1451164,11.52,0.897,11.36
"2012-09-14 21:00:00",197,9.77,100.2,11.41,0.199,0.1449234,11.43,0.897,11.26
"2012-09-14 22:00:00",198,9.71,99.3,11.29,0.199,0.1442897,11.3,0.897,11.14
"2012-09-14 23:00:00",199,9.68,98.7,11.12,0.199,0.1438462,11.12,0.896,10.96
"2012-09-15 00:00:00",200,9.69,98.2,10.85,0.199,0.1431257,10.87,0.896,10.7
"2012-09-15 01:00:00",201,9.71,97.8,10.59,0.2,0.1422065,10.59,0.896,10.42
"2012-09-15 02:00:00",202,9.78,97.8,10.31,0.2,0.1412347,10.31,0.895,10.15
"2012-09-15 03:00:00",203,9.84,97.9,10.08,0.2,0.1404394,10.09,0.894,9.93
"2012-09-15 04:00:00",204,9.91,98.1,9.87,0.2,0.1397017,9.87,0.894,9.71
"2012-09-15 05:00:00",205,9.95,98,9.66,0.201,0.1390347,9.66,0.894,9.5
"2012-09-15 06:00:00",206,10.01,98.1,9.47,0.201,0.138289,9.47,0.894,9.31
"2012-09-15 07:00:00",207,10.1,98.4,9.2,0.201,0.1374288,9.19,0.893,9.06
"2012-09-15 08:00:00",208,10.23,99.4,9.1,0.201,0.1369426,9.1,0.893,8.94
"2012-09-15 09:00:00",209,10.41,101.2,9.12,0.201,0.1368937,9.12,0.893,8.96
"2012-09-15 10:00:00",210,10.55,102.9,9.24,0.201,0.1373266,9.22,0.893,9.09
"2012-09-15 11:00:00",211,10.66,104.1,9.29,0.201,0.1374889,9.28,0.893,9.15
"2012-09-15 12:00:00",212,10.59,103.8,9.47,0.2,0.1379482,9.44,0.893,9.3
"2012-09-15 13:00:00",213,10.69,105.3,9.7,0.2,0.1387306,9.69,0.894,9.56
"2012-09-15 14:00:00",214,10.72,106.5,10.04,0.2,0.1399304,10.04,0.894,9.89
"2012-09-15 15:00:00",215,10.68,107.3,10.52,0.199,0.141634,10.51,0.894,10.37
"2012-09-15 16:00:00",216,10.63,107.4,10.77,0.199,0.142522,10.76,0.894,10.63
"2012-09-15 17:00:00",217,10.53,106.8,10.91,0.199,0.1429949,10.94,0.894,10.77
"2012-09-15 18:00:00",218,10.44,106,10.96,0.199,0.143065,10.97,0.894,10.82
"2012-09-15 19:00:00",219,10.21,103.6,10.95,0.199,0.1430203,10.96,0.894,10.8
"2012-09-15 20:00:00",220,10.13,102.6,10.88,0.199,0.1428497,10.89,0.894,10.73
"2012-09-15 21:00:00",221,10.03,101.4,10.77,0.199,0.1425112,10.78,0.893,10.62
"2012-09-15 22:00:00",222,9.92,99.9,10.62,0.199,0.14206,10.64,0.893,10.48
"2012-09-15 23:00:00",223,9.89,99.5,10.54,0.199,0.141702,10.53,0.893,10.37
"2012-09-16 00:00:00",224,9.86,98.8,10.39,0.2,0.1412709,10.4,0.892,10.22
"2012-09-16 01:00:00",225,9.84,98.3,10.25,0.2,0.1408279,10.25,0.892,10.09
"2012-09-16 02:00:00",226,9.9,98.3,10.01,0.2,0.1401284,10.01,0.892,9.85
"2012-09-16 03:00:00",227,9.93,98.2,9.84,0.2,0.1395542,9.85,0.891,9.68
"2012-09-16 04:00:00",228,9.98,98.2,9.62,0.201,0.1388714,9.61,0.891,9.47
"2012-09-16 05:00:00",229,10.02,98.1,9.4,0.201,0.1381304,9.43,0.89,9.25
"2012-09-16 06:00:00",230,10.08,98.2,9.19,0.201,0.1373722,9.2,0.89,9.03
"2012-09-16 07:00:00",231,10.17,98.5,8.95,0.201,0.1365152,8.95,0.89,8.8
"2012-09-16 08:00:00",232,10.32,99.6,8.81,0.201,0.1359823,8.81,0.89,8.67
"2012-09-16 09:00:00",233,10.51,101.4,8.81,0.201,0.1358933,8.78,0.89,8.67
"2012-09-16 10:00:00",234,10.61,102.9,9,0.201,0.1365154,9,0.889,8.86
"2012-09-16 11:00:00",235,10.68,104.5,9.38,0.201,0.1380098,9.38,0.89,9.26
"2012-09-16 12:00:00",236,10.67,105.5,9.82,0.2,0.1395577,9.81,0.888,9.68
"2012-09-16 13:00:00",237,10.65,106.4,10.29,0.2,0.1413086,10.3,0.89,10.15
"2012-09-16 14:00:00",238,10.58,106.9,10.75,0.2,0.1430829,10.77,0.89,10.62
"2012-09-16 15:00:00",239,10.46,106.9,11.23,0.2,0.1446844,11.2,0.891,11.08
"2012-09-16 16:00:00",240,10.41,107,11.5,0.199,0.1456141,11.52,0.89,11.37
"2012-09-16 17:00:00",241,10.28,106.4,11.8,0.199,0.1466896,11.81,0.89,11.66
"2012-09-16 18:00:00",242,10.23,106,11.88,0.199,0.146956,11.89,0.89,11.72
"2012-09-16 19:00:00",243,10.08,104.5,11.88,0.199,0.1469225,11.89,0.89,11.71
"2012-09-16 20:00:00",244,9.88,102.2,11.77,0.199,0.1467409,11.79,0.889,11.62
"2012-09-16 21:00:00",245,9.72,100.3,11.65,0.2,0.1463394,11.65,0.89,11.49
"2012-09-16 22:00:00",246,9.66,99.4,11.51,0.2,0.1456919,11.5,0.889,11.35
"2012-09-16 23:00:00",247,9.64,98.8,11.35,0.2,0.1452638,11.33,0.889,11.19
"2012-09-17 00:00:00",248,9.66,98.3,11.04,0.2,0.1441368,11.07,0.889,10.9
"2012-09-17 01:00:00",249,9.74,98.2,10.69,0.2,0.1431584,10.73,0.888,10.53
"2012-09-17 02:00:00",250,9.78,97.8,10.34,0.201,0.1420309,10.36,0.888,10.19
"2012-09-17 03:00:00",251,9.85,98,10.08,0.201,0.1409393,10.09,0.887,9.92
"2012-09-17 04:00:00",252,9.92,97.9,9.79,0.201,0.1399771,9.77,0.887,9.63
"2012-09-17 05:00:00",253,9.99,98.1,9.54,0.201,0.1389575,9.51,0.887,9.36
"2012-09-17 06:00:00",254,10.06,98.2,9.26,0.202,0.1380098,9.24,0.887,9.09
"2012-09-17 07:00:00",255,10.16,98.4,8.98,0.202,0.1370073,8.98,0.886,8.82
"2012-09-17 08:00:00",256,10.32,99.6,8.82,0.202,0.1363383,8.83,0.886,8.67
"2012-09-17 09:00:00",257,10.51,101.4,8.81,0.201,0.136265,8.82,0.886,8.68
"2012-09-17 10:00:00",258,10.61,102.7,8.97,0.201,0.1368171,9,0.885,8.85
"2012-09-17 11:00:00",259,10.65,104,9.31,0.201,0.1380318,9.33,0.885,9.17
"2012-09-17 12:00:00",260,10.66,104.9,9.64,0.201,0.1392289,9.64,0.886,9.5
"2012-09-17 13:00:00",261,10.68,106.2,10.08,0.201,0.1408719,10.09,0.887,9.94
"2012-09-17 14:00:00",262,10.56,106.4,10.62,0.201,0.1428011,10.57,0.887,10.46
"2012-09-17 15:00:00",263,10.49,107,11.15,0.2,0.1445231,11.16,0.887,11
"2012-09-17 16:00:00",264,10.37,106.7,11.56,0.2,0.1462692,11.55,0.888,11.41
"2012-09-17 17:00:00",265,10.22,105.8,11.79,0.2,0.147008,11.78,0.887,11.65
"2012-09-17 18:00:00",266,10.19,105.5,11.78,0.2,0.1469634,11.8,0.887,11.62
"2012-09-17 19:00:00",267,10.08,104.2,11.74,0.2,0.1469235,11.77,0.887,11.59
"2012-09-17 20:00:00",268,9.88,102,11.67,0.2,0.1465145,11.69,0.888,11.51
"2012-09-17 21:00:00",269,9.76,100.5,11.57,0.2,0.1463127,11.59,0.887,11.41
"2012-09-17 22:00:00",270,9.66,99.1,11.4,0.2,0.1458948,11.43,0.886,11.26
"2012-09-17 23:00:00",271,9.65,98.7,11.25,0.2,0.1452447,11.27,0.886,11.1
"2012-09-18 00:00:00",272,9.68,98.3,11,0.2,0.1443503,11.03,0.886,10.85
"2012-09-18 01:00:00",273,9.71,97.9,10.69,0.201,0.1435115,10.74,0.886,10.54
"2012-09-18 02:00:00",274,9.78,97.9,10.39,0.201,0.1423269,10.39,0.885,10.22
"2012-09-18 03:00:00",275,9.87,98.2,10.09,0.201,0.141248,10.08,0.885,9.92
"2012-09-18 04:00:00",276,9.9,97.9,9.84,0.202,0.1403644,9.82,0.884,9.68
"2012-09-18 05:00:00",277,9.99,98.2,9.58,0.202,0.1394764,9.56,0.884,9.41
"2012-09-18 06:00:00",278,10.05,98.1,9.28,0.202,0.1384046,9.3,0.885,9.13
"2012-09-18 07:00:00",279,10.15,98.4,9.03,0.202,0.1374352,9.02,0.884,8.87
"2012-09-18 08:00:00",280,10.31,99.6,8.86,0.202,0.1368335,8.88,0.884,8.7
"2012-09-18 09:00:00",281,10.47,101.1,8.83,0.202,0.1365971,8.84,0.884,8.7
"2012-09-18 10:00:00",282,10.55,102.2,8.97,0.202,0.1371085,8.99,0.883,8.85
"2012-09-18 11:00:00",283,10.62,103.7,9.31,0.202,0.13829,9.28,0.884,9.17
"2012-09-18 12:00:00",284,10.65,105,9.71,0.201,0.1397555,9.69,0.883,9.56
"2012-09-18 13:00:00",285,10.63,106,10.18,0.201,0.1414865,10.2,0.885,10.04
"2012-09-18 14:00:00",286,10.57,106.7,10.72,0.201,0.1435621,10.74,0.885,10.59
"2012-09-18 15:00:00",287,10.42,106.7,11.29,0.201,0.1453854,11.26,0.886,11.13
"2012-09-18 16:00:00",288,10.11,104.4,11.71,0.2,0.1471368,11.7,0.885,11.56
"2012-09-18 17:00:00",289,10.06,104.4,11.94,0.2,0.1478657,11.94,0.885,11.79
"2012-09-18 18:00:00",290,10.07,104.5,11.9,0.2,0.1477233,11.92,0.886,11.74
"2012-09-18 19:00:00",291,10.01,103.8,11.87,0.2,0.1475633,11.89,0.885,11.71
"2012-09-18 20:00:00",292,9.8,101.4,11.78,0.2,0.1473883,11.79,0.885,11.62
"2012-09-18 21:00:00",293,9.72,100.3,11.68,0.201,0.1472061,11.68,0.885,11.52
"2012-09-18 22:00:00",294,9.62,99.1,11.57,0.2,0.1466677,11.61,0.884,11.4
"2012-09-18 23:00:00",295,9.59,98.4,11.39,0.201,0.1461236,11.39,0.884,11.23
"2012-09-19 00:00:00",296,9.62,98.1,11.13,0.201,0.1452442,11.16,0.883,10.99
"2012-09-19 01:00:00",297,9.67,97.8,10.8,0.201,0.1441223,10.84,0.883,10.65
"2012-09-19 02:00:00",298,9.76,98.1,10.52,0.202,0.1431673,10.51,0.883,10.35
"2012-09-19 03:00:00",299,9.82,98.1,10.27,0.202,0.1422699,10.24,0.882,10.09
"2012-09-19 04:00:00",300,9.89,98.1,9.97,0.202,0.1413607,9.99,0.883,9.83
"2012-09-19 05:00:00",301,9.95,98.2,9.76,0.202,0.1404731,9.74,0.882,9.59
"2012-09-19 06:00:00",302,10.03,98.2,9.44,0.202,0.1393588,9.45,0.882,9.29
"2012-09-19 07:00:00",303,10.11,98.4,9.19,0.203,0.1388894,9.17,0.881,9.04
"2012-09-19 08:00:00",304,10.27,99.6,9.05,0.202,0.1378927,9.06,0.881,8.89
"2012-09-19 09:00:00",305,10.42,101,8.99,0.203,0.1377081,8.97,0.881,8.84
"2012-09-19 10:00:00",306,10.57,102.6,9.08,0.202,0.1377832,9.09,0.88,8.95
"2012-09-19 11:00:00",307,10.63,104,9.38,0.202,0.1389526,9.41,0.881,9.26
"2012-09-19 12:00:00",308,10.68,105.5,9.78,0.202,0.1403548,9.79,0.881,9.65
"2012-09-19 13:00:00",309,10.64,106.4,10.29,0.201,0.1421813,10.3,0.881,10.15
"2012-09-19 14:00:00",310,10.57,107.1,10.86,0.201,0.1441296,10.84,0.881,10.72
"2012-09-19 15:00:00",311,10.5,107.5,11.3,0.201,0.1456137,11.3,0.882,11.14
"2012-09-19 16:00:00",312,10.38,107.3,11.74,0.2,0.147327,11.75,0.882,11.59
"2012-09-19 17:00:00",313,10.29,107,11.98,0.2,0.1480698,12,0.882,11.82
"2012-09-19 18:00:00",314,10.2,105.9,11.95,0.2,0.147952,11.96,0.882,11.8
"2012-09-19 19:00:00",315,10,103.8,11.92,0.2,0.147784,11.95,0.882,11.77
"2012-09-19 20:00:00",316,9.89,102.5,11.88,0.201,0.147842,11.87,0.882,11.72
"2012-09-19 21:00:00",317,9.73,100.7,11.78,0.201,0.1476473,11.77,0.882,11.63
"2012-09-19 22:00:00",318,9.63,99.4,11.67,0.2,0.1469826,11.68,0.881,11.51
"2012-09-19 23:00:00",319,9.58,98.6,11.53,0.201,0.1468104,11.54,0.881,11.37
"2012-09-20 00:00:00",320,9.59,98.1,11.28,0.201,0.1459214,11.31,0.881,11.14
"2012-09-20 01:00:00",321,9.64,98,10.98,0.201,0.1447947,11.01,0.881,10.83
"2012-09-20 02:00:00",322,9.72,98,10.64,0.202,0.143894,10.68,0.881,10.5
"2012-09-20 03:00:00",323,9.8,98.1,10.39,0.202,0.142919,10.37,0.88,10.23
"2012-09-20 04:00:00",324,9.84,98,10.13,0.202,0.1420992,10.12,0.88,9.98
"2012-09-20 05:00:00",325,9.91,98,9.85,0.202,0.1411368,9.85,0.879,9.71
"2012-09-20 06:00:00",326,9.87,97.1,9.61,0.203,0.1401826,9.58,0.879,9.45
"2012-09-20 07:00:00",327,10.08,98.5,9.36,0.203,0.1392649,9.34,0.878,9.19
"2012-09-20 08:00:00",328,10.23,99.5,9.17,0.203,0.1384825,9.16,0.879,9.01
"2012-09-20 09:00:00",329,10.41,101.2,9.14,0.203,0.1383301,9.14,0.879,9
"2012-09-20 10:00:00",330,10.55,102.8,9.24,0.202,0.1386017,9.27,0.878,9.12
"2012-09-20 11:00:00",331,10.59,103.9,9.51,0.202,0.1395895,9.52,0.878,9.38
"2012-09-20 12:00:00",332,10.69,105.9,9.92,0.202,0.1410576,9.92,0.878,9.79
"2012-09-20 13:00:00",333,10.67,106.9,10.39,0.202,0.1427159,10.39,0.878,10.23
"2012-09-20 14:00:00",334,10.61,107.6,10.9,0.201,0.144356,10.9,0.879,10.75
"2012-09-20 15:00:00",335,10.53,108,11.39,0.201,0.1463309,11.41,0.879,11.25
"2012-09-20 16:00:00",336,10.4,107.6,11.78,0.201,0.1476128,11.76,0.879,11.62
"2012-09-20 17:00:00",337,10.28,106.9,11.99,0.2,0.1483365,12.01,0.88,11.84
"2012-09-20 18:00:00",338,10.22,106.2,11.99,0.2,0.1482996,12,0.88,11.82
"2012-09-20 19:00:00",339,10.05,104.4,11.97,0.201,0.1482642,11.97,0.88,11.8
"2012-09-20 20:00:00",340,9.98,103.6,11.92,0.201,0.1480847,11.91,0.879,11.76
"2012-09-20 21:00:00",341,9.76,101.1,11.84,0.201,0.1478957,11.84,0.879,11.68
"2012-09-20 22:00:00",342,9.62,99.5,11.74,0.201,0.1474511,11.75,0.879,11.58
"2012-09-20 23:00:00",343,9.58,98.7,11.6,0.201,0.1472689,11.63,0.878,11.44
"2012-09-21 00:00:00",344,9.59,98.3,11.37,0.201,0.14638,11.38,0.878,11.21
"2012-09-21 01:00:00",345,9.65,98.2,11.07,0.201,0.1452474,11.06,0.878,10.9
"2012-09-21 02:00:00",346,9.69,98,10.77,0.202,0.1443507,10.79,0.877,10.62
"2012-09-21 03:00:00",347,9.76,98,10.49,0.202,0.1434319,10.48,0.877,10.32
"2012-09-21 04:00:00",348,9.83,98.1,10.22,0.202,0.1424634,10.2,0.878,10.06
"2012-09-21 05:00:00",349,9.88,98,9.97,0.202,0.1416138,9.97,0.877,9.82
"2012-09-21 06:00:00",350,9.88,97.4,9.68,0.202,0.1405007,9.69,0.877,9.53
"2012-09-21 07:00:00",351,10.09,98.7,9.38,0.203,0.1394904,9.37,0.876,9.24
"2012-09-21 08:00:00",352,10.23,99.8,9.26,0.203,0.1388668,9.24,0.877,9.09
"2012-09-21 09:00:00",353,10.37,101,9.22,0.202,0.1387133,9.25,0.876,9.08
"2012-09-21 10:00:00",354,10.44,102.1,9.36,0.202,0.1391636,9.38,0.876,9.23
"2012-09-21 11:00:00",355,10.57,104.1,9.66,0.202,0.140271,9.65,0.876,9.53
"2012-09-21 12:00:00",356,10.63,105.7,10.05,0.202,0.1416815,10.03,0.876,9.91
"2012-09-21 13:00:00",357,10.59,106.5,10.57,0.202,0.1435102,10.57,0.877,10.41
"2012-09-21 14:00:00",358,10.56,107.5,11.05,0.202,0.1452429,11.04,0.878,10.9
"2012-09-21 15:00:00",359,10.43,107.5,11.59,0.201,0.1470078,11.58,0.878,11.42
"2012-09-21 16:00:00",360,10.33,107.4,11.99,0.201,0.1485288,11.98,0.878,11.83
"2012-09-21 17:00:00",361,10.22,106.8,12.22,0.201,0.1492393,12.2,0.878,12.07
"2012-09-21 18:00:00",362,10.13,105.9,12.22,0.2,0.1493111,12.26,0.878,12.06
"2012-09-21 19:00:00",363,10.03,104.8,12.22,0.2,0.1491529,12.21,0.878,12.05
"2012-09-21 20:00:00",364,9.85,102.8,12.18,0.2,0.1492174,12.22,0.877,12.02
"2012-09-21 21:00:00",365,9.74,101.6,12.11,0.201,0.149018,12.12,0.878,11.96
"2012-09-21 22:00:00",366,9.56,99.5,12.04,0.201,0.1488166,12.05,0.877,11.88
"2012-09-21 23:00:00",367,9.51,98.6,11.9,0.201,0.1483583,11.93,0.877,11.75
"2012-09-22 00:00:00",368,9.5,98.1,11.69,0.201,0.1476721,11.72,0.877,11.53
"2012-09-22 01:00:00",369,9.55,97.9,11.39,0.202,0.1467743,11.39,0.877,11.24
"2012-09-22 02:00:00",370,9.62,98,11.12,0.202,0.1458732,11.13,0.876,10.96
"2012-09-22 03:00:00",371,9.64,97.7,10.87,0.202,0.1447513,10.86,0.876,10.69
"2012-09-22 04:00:00",372,9.71,97.8,10.59,0.202,0.1438383,10.61,0.876,10.44
"2012-09-22 05:00:00",373,9.78,97.9,10.36,0.202,0.143251,10.38,0.876,10.2
"2012-09-22 06:00:00",374,9.84,98,10.12,0.203,0.1422629,10.1,0.876,9.94
"2012-09-22 07:00:00",375,9.92,98.2,9.87,0.203,0.141428,9.87,0.875,9.71
"2012-09-22 08:00:00",376,10.07,99.3,9.7,0.203,0.1407347,9.67,0.875,9.53
"2012-09-22 09:00:00",377,10.28,101.2,9.64,0.203,0.140431,9.62,0.875,9.48
"2012-09-22 10:00:00",378,10.48,103.2,9.68,0.202,0.1404078,9.67,0.874,9.53
"2012-09-22 11:00:00",379,10.54,104.2,9.82,0.202,0.1409077,9.85,0.874,9.68
"2012-09-22 12:00:00",380,10.63,105.8,10.13,0.202,0.1418154,10.11,0.875,9.97
"2012-09-22 13:00:00",381,10.7,107.3,10.41,0.202,0.1427536,10.41,0.875,10.26
"2012-09-22 14:00:00",382,10.74,108.4,10.71,0.201,0.1437894,10.75,0.876,10.58
"2012-09-22 15:00:00",383,10.69,108.7,11.03,0.201,0.1446883,11.03,0.876,10.89
"2012-09-22 16:00:00",384,10.63,108.6,11.25,0.201,0.1453779,11.25,0.876,11.1
"2012-09-22 17:00:00",385,10.52,107.9,11.37,0.2,0.1456578,11.41,0.877,11.22
"2012-09-22 18:00:00",386,10.34,106.1,11.41,0.2,0.1456949,11.43,0.876,11.26
"2012-09-22 19:00:00",387,10.29,105.6,11.42,0.2,0.1457471,11.44,0.876,11.26
"2012-09-22 20:00:00",388,10.08,103.3,11.37,0.2,0.1455694,11.37,0.876,11.21
"2012-09-22 21:00:00",389,9.89,101.2,11.28,0.2,0.1453793,11.29,0.876,11.11
"2012-09-22 22:00:00",390,9.8,100,11.16,0.2,0.1449543,11.17,0.876,11
"2012-09-22 23:00:00",391,9.75,99.1,11.01,0.201,0.1445231,11.01,0.876,10.86
"2012-09-23 00:00:00",392,9.74,98.6,10.8,0.201,0.1438712,10.82,0.875,10.65
"2012-09-23 01:00:00",393,9.76,98.2,10.57,0.201,0.1432073,10.58,0.875,10.41
"2012-09-23 02:00:00",394,9.8,98.1,10.35,0.202,0.1424106,10.33,0.875,10.17
"2012-09-23 03:00:00",395,9.86,98,10.09,0.202,0.1415417,10.09,0.875,9.92
"2012-09-23 04:00:00",396,9.92,98.1,9.85,0.202,0.1407297,9.81,0.874,9.69
"2012-09-23 05:00:00",397,9.97,98.1,9.61,0.202,0.139933,9.59,0.874,9.44
"2012-09-23 06:00:00",398,10.04,98.2,9.38,0.202,0.1390708,9.36,0.874,9.21
"2012-09-23 07:00:00",399,10.11,98.3,9.14,0.202,0.1382551,9.14,0.873,8.99
"2012-09-23 08:00:00",400,10.16,98.4,9,0.203,0.1377251,9,0.874,8.85
"2012-09-23 09:00:00",401,10.39,100.6,8.95,0.203,0.1374535,8.94,0.874,8.79
"2012-09-23 10:00:00",402,10.64,103.1,9,0.202,0.1376002,9.04,0.874,8.87
"2012-09-23 11:00:00",403,10.65,103.8,9.22,0.202,0.1383189,9.23,0.873,9.08
"2012-09-23 12:00:00",404,10.83,106.3,9.54,0.202,0.1394164,9.54,0.875,9.4
"2012-09-23 13:00:00",405,10.8,106.8,9.82,0.202,0.1403743,9.8,0.875,9.67
"2012-09-23 14:00:00",406,10.8,107.4,10.08,0.201,0.1411387,10.06,0.875,9.92
"2012-09-23 15:00:00",407,10.75,108.1,10.58,0.201,0.1429816,10.59,0.875,10.43
"2012-09-23 16:00:00",408,10.69,108.5,10.93,0.2,0.1439882,10.95,0.876,10.79
"2012-09-23 17:00:00",409,10.61,108.2,11.18,0.2,0.1448996,11.17,0.876,11.03
"2012-09-23 18:00:00",410,10.52,107.6,11.27,0.2,0.1452909,11.31,0.876,11.14
"2012-09-23 19:00:00",411,10.31,105.5,11.32,0.2,0.1454611,11.33,0.876,11.17
"2012-09-23 20:00:00",412,10.1,103.3,11.27,0.2,0.1453161,11.26,0.876,11.13
"2012-09-23 21:00:00",413,9.96,101.8,11.22,0.2,0.1450096,11.23,0.876,11.07
"2012-09-23 22:00:00",414,9.83,100.3,11.14,0.2,0.1449238,11.16,0.876,10.99
"2012-09-23 23:00:00",415,9.72,98.9,11.02,0.201,0.1447501,11.04,0.875,10.87
"2012-09-24 00:00:00",416,9.71,98.3,10.84,0.201,0.144089,10.85,0.875,10.69
"2012-09-24 01:00:00",417,9.74,98.1,10.6,0.201,0.1433763,10.62,0.874,10.45
"2012-09-24 02:00:00",418,9.76,97.8,10.37,0.202,0.1426157,10.36,0.874,10.21
"2012-09-24 03:00:00",419,9.82,97.8,10.13,0.202,0.1417465,10.12,0.874,9.98
"2012-09-24 04:00:00",420,9.88,97.9,9.89,0.202,0.1409278,9.89,0.874,9.73
"2012-09-24 05:00:00",421,9.92,97.7,9.68,0.202,0.1401702,9.68,0.874,9.52
"2012-09-24 06:00:00",422,9.99,97.8,9.42,0.202,0.1393203,9.4,0.873,9.27
"2012-09-24 07:00:00",423,9.95,96.9,9.19,0.203,0.1384853,9.19,0.874,9.03
"2012-09-24 08:00:00",424,10.21,98.9,8.98,0.203,0.137698,8.97,0.874,8.84
"2012-09-24 09:00:00",425,10.42,100.9,8.98,0.203,0.1375986,8.96,0.873,8.82
"2012-09-24 10:00:00",426,10.54,102.2,9.01,0.202,0.1377669,9.03,0.873,8.89
"2012-09-24 11:00:00",427,10.61,103.4,9.24,0.202,0.1385234,9.26,0.873,9.12
"2012-09-24 12:00:00",428,10.72,105.4,9.61,0.202,0.1397966,9.61,0.873,9.47
"2012-09-24 13:00:00",429,10.72,106.5,10.04,0.202,0.141347,10.01,0.873,9.89
"2012-09-24 14:00:00",430,10.58,106.9,10.65,0.203,0.1445341,10.67,0.838,10.5
"2012-09-24 15:00:00",431,10.55,107.3,10.96,0.202,0.1454695,10.96,0.838,10.84
"2012-09-24 16:00:00",432,10.45,107.1,11.3,0.202,0.1465097,11.34,0.838,11.17
"2012-09-24 17:00:00",433,10.38,106.9,11.49,0.202,0.1471258,11.5,0.839,11.35
"2012-09-24 18:00:00",434,10.3,106.1,11.52,0.201,0.1470667,11.54,0.839,11.37
"2012-09-24 19:00:00",435,10.15,104.5,11.51,0.201,0.1468938,11.51,0.838,11.36
"2012-09-24 20:00:00",436,9.98,102.8,11.48,0.202,0.1470645,11.49,0.838,11.33
"2012-09-24 21:00:00",437,9.9,101.8,11.44,0.202,0.1468669,11.43,0.838,11.3
"2012-09-24 22:00:00",438,9.71,99.7,11.39,0.201,0.1466636,11.42,0.838,11.25
"2012-09-24 23:00:00",439,9.6,98.4,11.29,0.201,0.1463525,11.32,0.838,11.14
"2012-09-25 00:00:00",440,9.54,97.4,11.13,0.202,0.146037,11.15,0.837,10.98
"2012-09-25 01:00:00",441,9.58,97.2,10.88,0.202,0.1450133,10.85,0.838,10.73
"2012-09-25 02:00:00",442,9.61,97,10.62,0.202,0.1441223,10.63,0.837,10.48
"2012-09-25 03:00:00",443,9.67,97.1,10.41,0.203,0.143578,10.39,0.837,10.25
"2012-09-25 04:00:00",444,9.72,97,10.16,0.203,0.1427596,10.14,0.837,10
"2012-09-25 05:00:00",445,9.76,97,9.94,0.203,0.1419057,9.92,0.837,9.78
"2012-09-25 06:00:00",446,9.86,97.3,9.67,0.203,0.1409777,9.69,0.836,9.52
"2012-09-25 07:00:00",447,9.92,97.3,9.45,0.204,0.1401485,9.41,0.836,9.3
"2012-09-25 08:00:00",448,10.03,98,9.26,0.203,0.1394791,9.27,0.836,9.12
"2012-09-25 09:00:00",449,10.23,99.8,9.21,0.203,0.1391739,9.21,0.836,9.08
"2012-09-25 10:00:00",450,10.4,101.7,9.3,0.203,0.1393439,9.28,0.837,9.18
"2012-09-25 11:00:00",451,10.44,102.7,9.54,0.203,0.1402034,9.57,0.836,9.42
"2012-09-25 12:00:00",452,10.57,104.9,9.92,0.203,0.1415485,9.91,0.836,9.79
"2012-09-25 13:00:00",453,10.56,105.9,10.37,0.202,0.1431916,10.38,0.837,10.25
"2012-09-25 14:00:00",454,10.55,107.1,10.88,0.202,0.1449081,10.9,0.838,10.77
"2012-09-25 15:00:00",455,10.5,107.2,11.14,0.202,0.1457245,11.15,0.837,11.02
"2012-09-25 16:00:00",456,10.43,107,11.3,0.201,0.1462116,11.31,0.838,11.17
"2012-09-25 17:00:00",457,10.37,106.6,11.43,0.201,0.1466894,11.46,0.838,11.3
"2012-09-25 18:00:00",458,10.29,106,11.51,0.201,0.1468117,11.51,0.838,11.37
"2012-09-25 19:00:00",459,10.19,105,11.51,0.201,0.1467527,11.51,0.838,11.37
"2012-09-25 20:00:00",460,10,102.9,11.5,0.201,0.1469255,11.5,0.837,11.35
"2012-09-25 21:00:00",461,9.92,102.1,11.48,0.202,0.1469691,11.47,0.838,11.33
"2012-09-25 22:00:00",462,9.81,101,11.46,0.201,0.1468681,11.46,0.837,11.31
"2012-09-25 23:00:00",463,9.54,98,11.37,0.202,0.1465815,11.37,0.837,11.22
"2012-09-26 00:00:00",464,9.52,97.3,11.17,0.202,0.1460185,11.17,0.836,11.02
"2012-09-26 01:00:00",465,9.56,97.3,11,0.202,0.1454653,11.03,0.836,10.86
"2012-09-26 02:00:00",466,9.6,97.2,10.78,0.202,0.1445553,10.77,0.836,10.63
"2012-09-26 03:00:00",467,9.67,97.5,10.58,0.202,0.1439909,10.6,0.836,10.43
"2012-09-26 04:00:00",468,9.68,97.2,10.39,0.203,0.1436042,10.38,0.836,10.23
"2012-09-26 05:00:00",469,9.76,97.4,10.18,0.203,0.1429434,10.17,0.836,10.02
"2012-09-26 06:00:00",470,9.81,97.4,9.95,0.203,0.1420599,9.97,0.835,9.8
"2012-09-26 07:00:00",471,9.88,97.6,9.73,0.203,0.1412574,9.71,0.835,9.58
"2012-09-26 08:00:00",472,9.99,98.4,9.59,0.203,0.1407233,9.59,0.835,9.45
"2012-09-26 09:00:00",473,9.95,97.9,9.57,0.203,0.1404381,9.56,0.835,9.43
"2012-09-26 10:00:00",474,10.17,100.4,9.68,0.203,0.1408146,9.7,0.835,9.56
"2012-09-26 11:00:00",475,10.28,102.1,9.96,0.203,0.1419022,9.97,0.834,9.83
"2012-09-26 12:00:00",476,10.46,104.8,10.32,0.203,0.1431813,10.33,0.835,10.18
"2012-09-26 13:00:00",477,10.45,105.7,10.74,0.202,0.1447626,10.78,0.837,10.63
"2012-09-26 14:00:00",478,10.43,106.2,11.04,0.202,0.1456371,11.06,0.836,10.91
"2012-09-26 15:00:00",479,10.4,106.3,11.15,0.202,0.1461406,11.19,0.836,11.02
"2012-09-26 16:00:00",480,10.36,106,11.23,0.202,0.1461569,11.24,0.836,11.09
"2012-09-26 17:00:00",481,10.29,105.5,11.29,0.202,0.1463901,11.3,0.836,11.16
"2012-09-26 18:00:00",482,10.24,104.9,11.26,0.201,0.1461052,11.28,0.835,11.12
"2012-09-26 19:00:00",483,10.13,103.5,11.18,0.201,0.1458086,11.2,0.836,11.04
"2012-09-26 20:00:00",484,9.92,101.3,11.11,0.202,0.1456095,11.12,0.836,10.97
"2012-09-26 21:00:00",485,9.86,100.5,11.04,0.201,0.1453229,11.07,0.836,10.9
"2012-09-26 22:00:00",486,9.72,98.7,10.88,0.202,0.1448965,10.91,0.835,10.74
"2012-09-26 23:00:00",487,9.71,98.1,10.67,0.202,0.1441221,10.68,0.835,10.52
"2012-09-27 00:00:00",488,9.72,97.8,10.5,0.202,0.143599,10.49,0.835,10.33
"2012-09-27 01:00:00",489,9.73,97.4,10.3,0.203,0.1430102,10.29,0.834,10.14
"2012-09-27 02:00:00",490,9.76,97.3,10.09,0.203,0.1422829,10.07,0.835,9.93
"2012-09-27 03:00:00",491,9.83,97.4,9.87,0.203,0.1414667,9.87,0.833,9.71
"2012-09-27 04:00:00",492,9.89,97.4,9.59,0.203,0.1405754,9.57,0.834,9.45
"2012-09-27 05:00:00",493,9.97,97.5,9.34,0.203,0.1396876,9.36,0.833,9.19
"2012-09-27 06:00:00",494,10.04,97.5,9.02,0.203,0.1384951,9.04,0.833,8.88
"2012-09-27 07:00:00",495,10.09,97.5,8.83,0.204,0.1378691,8.83,0.833,8.7
"2012-09-27 08:00:00",496,10.18,98,8.65,0.204,0.1371568,8.64,0.833,8.52
"2012-09-27 09:00:00",497,9.98,96,8.62,0.204,0.1370486,8.62,0.833,8.49
"2012-09-27 10:00:00",498,10.2,98.2,8.67,0.204,0.1371622,8.7,0.832,8.55
"2012-09-27 11:00:00",499,10.61,102.5,8.8,0.203,0.1375681,8.83,0.833,8.68
"2012-09-27 12:00:00",500,10.69,104,9.1,0.203,0.1387159,9.15,0.832,8.99
"2012-09-27 13:00:00",501,10.71,105.2,9.5,0.203,0.1400841,9.52,0.833,9.37
"2012-09-27 14:00:00",502,10.69,106.1,9.94,0.203,0.1417436,9.91,0.834,9.8
"2012-09-27 15:00:00",503,10.56,106,10.41,0.203,0.143398,10.4,0.834,10.28
"2012-09-27 16:00:00",504,10.53,106.4,10.67,0.202,0.1441689,10.7,0.835,10.55
"2012-09-27 17:00:00",505,10.45,106,10.85,0.202,0.1447822,10.88,0.835,10.72
"2012-09-27 18:00:00",506,10.38,105.4,10.88,0.202,0.1449778,10.9,0.835,10.74
"2012-09-27 19:00:00",507,10.28,104.3,10.87,0.202,0.1447814,10.88,0.835,10.73
"2012-09-27 20:00:00",508,10.16,103,10.83,0.202,0.1446955,10.84,0.834,10.69
"2012-09-27 21:00:00",509,9.88,100,10.77,0.202,0.1445231,10.74,0.834,10.63
"2012-09-27 22:00:00",510,9.83,99.3,10.71,0.202,0.1445511,10.76,0.834,10.57
"2012-09-27 23:00:00",511,9.79,98.8,10.62,0.202,0.1441222,10.64,0.833,10.48
"2012-09-28 00:00:00",512,9.7,97.5,10.43,0.203,0.1437051,10.42,0.834,10.27
"2012-09-28 01:00:00",513,9.75,97.4,10.2,0.203,0.1428849,10.17,0.833,10.04
"2012-09-28 02:00:00",514,9.82,97.3,9.87,0.203,0.1417395,9.88,0.833,9.72
"2012-09-28 03:00:00",515,9.87,97.2,9.6,0.203,0.1407733,9.6,0.833,9.45
"2012-09-28 04:00:00",516,9.96,97.5,9.33,0.204,0.1398119,9.35,0.833,9.19
"2012-09-28 05:00:00",517,10.01,97.4,9.09,0.204,0.1389578,9.06,0.832,8.94
"2012-09-28 06:00:00",518,10.08,97.4,8.81,0.204,0.1379895,8.81,0.832,8.67
"2012-09-28 07:00:00",519,10.14,97.4,8.55,0.204,0.1370594,8.54,0.832,8.41
"2012-09-28 08:00:00",520,10.29,98.3,8.33,0.204,0.1362068,8.35,0.832,8.2
"2012-09-28 09:00:00",521,10.34,98.6,8.27,0.204,0.1359304,8.29,0.831,8.15
"2012-09-28 10:00:00",522,10.59,101.1,8.31,0.204,0.1359981,8.33,0.831,8.2
"2012-09-28 11:00:00",523,10.61,101.9,8.55,0.204,0.1368231,8.56,0.832,8.44
"2012-09-28 12:00:00",524,10.7,103.7,8.91,0.204,0.1382411,8.92,0.832,8.8
"2012-09-28 13:00:00",525,10.71,104.8,9.33,0.203,0.1398138,9.36,0.832,9.22
"2012-09-28 14:00:00",526,10.68,105.7,9.8,0.203,0.1415488,9.79,0.834,9.68
"2012-09-28 15:00:00",527,10.6,106,10.23,0.203,0.1430585,10.2,0.832,10.09
"2012-09-28 16:00:00",528,10.49,105.8,10.59,0.203,0.1442436,10.59,0.834,10.46
"2012-09-28 17:00:00",529,10.45,105.6,10.7,0.202,0.1446411,10.73,0.833,10.57
"2012-09-28 18:00:00",530,10.37,104.8,10.7,0.202,0.1444983,10.7,0.833,10.57
"2012-09-28 19:00:00",531,10.21,103.2,10.68,0.203,0.144437,10.66,0.833,10.54
"2012-09-28 20:00:00",532,10.17,102.7,10.64,0.202,0.1442388,10.67,0.833,10.5
"2012-09-28 21:00:00",533,10.03,101.2,10.6,0.203,0.1442936,10.6,0.833,10.46
"2012-09-28 22:00:00",534,9.86,99.4,10.56,0.203,0.144089,10.56,0.832,10.4
"2012-09-28 23:00:00",535,9.77,98.2,10.48,0.202,0.1437559,10.51,0.833,10.33
"2012-09-29 00:00:00",536,9.7,97.1,10.32,0.203,0.1436051,10.3,0.832,10.16
"2012-09-29 01:00:00",537,9.76,97.2,10.07,0.203,0.1427254,10.1,0.832,9.92
"2012-09-29 02:00:00",538,9.82,97.2,9.8,0.204,0.1417824,9.8,0.832,9.65
"2012-09-29 03:00:00",539,9.86,97,9.54,0.204,0.1409551,9.55,0.831,9.38
"2012-09-29 04:00:00",540,9.93,97.1,9.29,0.204,0.1399215,9.27,0.831,9.14
"2012-09-29 05:00:00",541,10.01,97.3,9.06,0.204,0.1390712,9.05,0.83,8.91
"2012-09-29 06:00:00",542,9.95,96.3,8.86,0.204,0.1384137,8.86,0.83,8.73
"2012-09-29 07:00:00",543,10.11,97.4,8.7,0.206,0.1389696,8.72,0.83,8.56
"2012-09-29 08:00:00",544,10.2,97.9,8.53,0.205,0.1373782,8.55,0.83,8.41
"2012-09-29 09:00:00",545,10.38,99.6,8.51,0.205,0.1372366,8.52,0.83,8.39
"2012-09-29 10:00:00",546,10.56,101.4,8.55,0.205,0.1374043,8.58,0.83,8.43
"2012-09-29 11:00:00",547,10.71,103,8.62,0.204,0.137428,8.64,0.83,8.5
"2012-09-29 12:00:00",548,10.73,104.3,9.04,0.204,0.1390307,9.04,0.83,8.93
"2012-09-29 13:00:00",549,10.75,105.8,9.58,0.204,0.1410031,9.6,0.832,9.46
"2012-09-29 14:00:00",550,10.73,106.1,9.78,0.204,0.1417153,9.8,0.831,9.65
"2012-09-29 15:00:00",551,10.68,105.8,9.82,0.203,0.1417174,9.83,0.831,9.68
"2012-09-29 16:00:00",552,10.59,105.2,9.95,0.203,0.1421407,9.92,0.831,9.81
"2012-09-29 17:00:00",553,10.48,104.6,10.18,0.203,0.1428961,10.19,0.831,10.04
"2012-09-29 18:00:00",554,10.38,104,10.35,0.203,0.1435272,10.37,0.831,10.21
"2012-09-29 19:00:00",555,10.27,103.1,10.42,0.203,0.1438008,10.43,0.831,10.27
"2012-09-29 20:00:00",556,10.21,102.6,10.43,0.203,0.1439196,10.42,0.831,10.29
"2012-09-29 21:00:00",557,10.03,100.9,10.48,0.203,0.1440037,10.49,0.83,10.33
"2012-09-29 22:00:00",558,9.9,99.6,10.51,0.203,0.1440266,10.5,0.829,10.35
"2012-09-29 23:00:00",559,9.83,98.9,10.53,0.203,0.1442947,10.54,0.83,10.38
"2012-09-30 00:00:00",560,9.77,98.3,10.51,0.203,0.1442081,10.48,0.83,10.34
"2012-09-30 01:00:00",561,9.75,97.7,10.34,0.204,0.1438727,10.35,0.829,10.19
"2012-09-30 02:00:00",562,9.8,97.8,10.16,0.204,0.1433202,10.17,0.829,10
"2012-09-30 03:00:00",563,9.83,97.8,10.02,0.204,0.1429207,10,0.829,9.87
"2012-09-30 04:00:00",564,9.87,97.9,9.87,0.204,0.1424311,9.85,0.829,9.72
"2012-09-30 05:00:00",565,9.93,97.9,9.66,0.205,0.141789,9.67,0.828,9.5
"2012-09-30 06:00:00",566,9.97,97.8,9.43,0.205,0.1410074,9.44,0.828,9.28
"2012-09-30 07:00:00",567,10.03,97.9,9.25,0.205,0.1403599,9.23,0.828,9.1
"2012-09-30 08:00:00",568,10.1,98.4,9.13,0.205,0.1399172,9.15,0.828,9
"2012-09-30 09:00:00",569,10.24,99.7,9.12,0.205,0.1398428,9.13,0.828,9
"2012-09-30 10:00:00",570,10.36,101.2,9.27,0.205,0.1402716,9.25,0.827,9.15
"2012-09-30 11:00:00",571,10.51,103,9.39,0.204,0.1406915,9.45,0.828,9.27
"2012-09-30 12:00:00",572,10.61,104.9,9.75,0.204,0.1420306,9.77,0.827,9.62
"2012-09-30 13:00:00",573,10.6,105.9,10.2,0.204,0.1437281,10.22,0.828,10.07
"2012-09-30 14:00:00",574,10.58,106.9,10.67,0.204,0.1453117,10.69,0.829,10.55
"2012-09-30 15:00:00",575,10.5,107,11.06,0.203,0.1466185,11.07,0.828,10.93
"2012-09-30 16:00:00",576,10.42,106.8,11.3,0.203,0.1474193,11.3,0.828,11.16
"2012-09-30 17:00:00",577,10.37,106.5,11.39,0.203,0.1479554,11.4,0.828,11.25
"2012-09-30 18:00:00",578,10.26,105.3,11.35,0.203,0.1475722,11.37,0.828,11.21
"2012-09-30 19:00:00",579,10.17,104.4,11.33,0.203,0.1476355,11.34,0.828,11.18
"2012-09-30 20:00:00",580,9.94,101.8,11.24,0.203,0.1472116,11.24,0.828,11.09
"2012-09-30 21:00:00",581,9.82,100.2,11.09,0.205,0.1480714,11.1,0.828,10.95
"2012-09-30 22:00:00",582,9.75,99,10.93,0.204,0.14627,10.92,0.827,10.78
"2012-09-30 23:00:00",583,9.71,98.3,10.79,0.204,0.1462946,10.78,0.827,10.64
"2012-10-01 00:00:00",584,9.73,98.1,10.59,0.205,0.1462064,10.58,0.826,10.44
"2012-10-01 01:00:00",585,9.78,98,10.31,0.204,0.1439496,10.29,0.826,10.14
"2012-10-01 02:00:00",586,9.87,98,9.95,0.204,0.1429274,9.96,0.825,9.8
"2012-10-01 03:00:00",587,9.96,98.1,9.61,0.205,0.1416032,9.59,0.825,9.45
"2012-10-01 04:00:00",588,10.02,98,9.32,0.205,0.140743,9.31,0.825,9.18
"2012-10-01 05:00:00",589,10.08,98.1,9.07,0.205,0.1398124,9.05,0.825,8.93
"2012-10-01 06:00:00",590,10.16,98.2,8.82,0.205,0.1388126,8.81,0.824,8.68
"2012-10-01 07:00:00",591,10.22,98.3,8.59,0.205,0.1380094,8.6,0.824,8.45
"2012-10-01 08:00:00",592,10.35,99.1,8.41,0.205,0.1373418,8.42,0.824,8.28
"2012-10-01 09:00:00",593,10.45,99.9,8.36,0.205,0.1370904,8.36,0.824,8.25
"2012-10-01 10:00:00",594,10.7,102.5,8.45,0.205,0.1372782,8.45,0.825,8.33
"2012-10-01 11:00:00",595,10.73,103.3,8.65,0.205,0.13807,8.65,0.824,8.54
"2012-10-01 12:00:00",596,10.78,104.6,9,0.205,0.1392955,8.98,0.824,8.88
"2012-10-01 13:00:00",597,10.79,105.9,9.45,0.205,0.1410648,9.46,0.824,9.32
"2012-10-01 14:00:00",598,10.7,106.1,9.9,0.205,0.1426985,9.88,0.826,9.77
"2012-10-01 15:00:00",599,10.63,106.4,10.28,0.204,0.1439949,10.27,0.826,10.14
"2012-10-01 16:00:00",600,10.51,105.9,10.58,0.204,0.1449071,10.56,0.826,10.43
"2012-10-01 17:00:00",601,10.5,106,10.62,0.204,0.1451834,10.65,0.826,10.49
"2012-10-01 18:00:00",602,10.2,103,10.64,0.204,0.145212,10.67,0.825,10.5
"2012-10-01 19:00:00",603,10.06,101.6,10.63,0.204,0.145212,10.64,0.827,10.5
"2012-10-01 20:00:00",604,9.94,100.2,10.6,0.204,0.1452225,10.63,0.827,10.47
"2012-10-01 21:00:00",605,9.83,99,10.58,0.204,0.1450101,10.58,0.827,10.42
"2012-10-01 22:00:00",606,9.77,98.4,10.53,0.204,0.1451258,10.54,0.826,10.38
"2012-10-01 23:00:00",607,9.73,97.9,10.51,0.204,0.1450117,10.51,0.826,10.35
"2012-10-02 00:00:00",608,9.72,97.7,10.47,0.204,0.1447878,10.47,0.825,10.31
"2012-10-02 01:00:00",609,9.68,97.1,10.34,0.204,0.1443551,10.35,0.825,10.18
"2012-10-02 02:00:00",610,9.71,97,10.2,0.205,0.1440131,10.21,0.825,10.04
"2012-10-02 03:00:00",611,9.73,97,10.11,0.205,0.1438992,10.13,0.824,9.96
"2012-10-02 04:00:00",612,9.75,97,10.02,0.205,0.1437156,10.02,0.824,9.87
"2012-10-02 05:00:00",613,9.77,97,9.95,0.205,0.1435907,9.96,0.825,9.8
"2012-10-02 06:00:00",614,9.81,97.2,9.87,0.205,0.1433857,9.9,0.823,9.73
"2012-10-02 07:00:00",615,9.82,97.1,9.78,0.206,0.1431856,9.79,0.827,9.64
"2012-10-02 08:00:00",616,9.84,97.2,9.71,0.206,0.1429694,9.73,0.824,9.57
"2012-10-02 09:00:00",617,10.01,99,9.78,0.206,0.1430474,9.77,0.824,9.64
"2012-10-02 10:00:00",618,10.18,100.9,9.89,0.206,0.1434085,9.87,0.823,9.76
"2012-10-02 11:00:00",619,10.13,100.9,10.07,0.205,0.1439004,10.07,0.823,9.94
"2012-10-02 12:00:00",620,10.36,103.6,10.26,0.205,0.1443281,10.28,0.823,10.13
"2012-10-02 13:00:00",621,10.38,104.8,10.65,0.205,0.1458948,10.65,0.824,10.53
"2012-10-02 14:00:00",622,10.34,105.2,10.95,0.205,0.1470686,10.95,0.824,10.82
"2012-10-02 15:00:00",623,10.29,104.9,11.04,0.204,0.1471954,11.06,0.823,10.91
"2012-10-02 16:00:00",624,10.27,104.8,11.11,0.204,0.1475496,11.13,0.823,10.97
"2012-10-02 17:00:00",625,10.25,104.5,11.09,0.204,0.1473429,11.1,0.825,10.95
"2012-10-02 18:00:00",626,10.15,103.4,11.06,0.204,0.1472691,11.05,0.824,10.91
"2012-10-02 19:00:00",627,9.9,100.6,10.9,0.204,0.1467701,10.9,0.823,10.76
"2012-10-02 20:00:00",628,9.79,98.9,10.67,0.204,0.1457271,10.68,0.825,10.53
"2012-10-02 21:00:00",629,9.73,97.9,10.51,0.204,0.1446353,10.51,0.829,10.35
"2012-10-02 22:00:00",630,9.72,97.5,10.39,0.203,0.1439775,10.4,0.83,10.24
"2012-10-02 23:00:00",631,9.73,97.2,10.23,0.204,0.1432974,10.2,0.83,10.08
"2012-10-03 00:00:00",632,9.74,96.9,10.04,0.203,0.1422453,10.04,0.831,9.89
"2012-10-03 01:00:00",633,9.79,97,9.85,0.202,0.1409166,9.83,0.831,9.69
"2012-10-03 02:00:00",634,9.85,97.2,9.68,0.202,0.1400681,9.67,0.833,9.53
"2012-10-03 03:00:00",635,9.89,97.1,9.48,0.202,0.1391059,9.5,0.832,9.34
"2012-10-03 04:00:00",636,9.97,97.4,9.27,0.202,0.1383665,9.27,0.832,9.12
"2012-10-03 05:00:00",637,10.04,97.6,9.05,0.202,0.1375885,9.06,0.833,8.9
"2012-10-03 06:00:00",638,10.1,97.6,8.83,0.202,0.1367734,8.87,0.833,8.7
"2012-10-03 07:00:00",639,10.16,97.7,8.62,0.202,0.1359646,8.63,0.833,8.49
"2012-10-03 08:00:00",640,10.29,98.5,8.43,0.202,0.135154,8.46,0.832,8.31
"2012-10-03 09:00:00",641,10.49,100,8.26,0.202,0.1345232,8.29,0.831,8.13
"2012-10-03 10:00:00",642,10.62,101.1,8.19,0.202,0.1342775,8.2,0.83,8.07
"2012-10-03 11:00:00",643,10.75,102.6,8.29,0.202,0.1346143,8.31,0.832,8.18
"2012-10-03 12:00:00",644,10.87,104.2,8.49,0.202,0.1354032,8.5,0.832,8.38
"2012-10-03 13:00:00",645,10.89,104.5,8.5,0.202,0.1352904,8.53,0.831,8.38
"2012-10-03 14:00:00",646,11,105.7,8.56,0.201,0.135234,8.56,0.832,8.44
"2012-10-03 15:00:00",647,10.97,105.5,8.6,0.201,0.1352702,8.61,0.832,8.47
"2012-10-03 16:00:00",648,10.91,104.6,8.51,0.201,0.1346917,8.51,0.832,8.39
"2012-10-03 17:00:00",649,10.94,104.8,8.45,0.201,0.1343921,8.47,0.832,8.33
"2012-10-03 18:00:00",650,10.97,104.7,8.31,0.201,0.1338035,8.33,0.832,8.18
"2012-10-03 19:00:00",651,10.94,103.9,8.12,0.201,0.1332164,8.14,0.831,7.991
"2012-10-03 20:00:00",652,10.82,102.3,7.917,0.201,0.1326784,7.954,0.831,7.792
"2012-10-03 21:00:00",653,10.69,100.7,7.739,0.202,0.1321767,7.734,0.831,7.615
"2012-10-03 22:00:00",654,10.7,100.5,7.617,0.202,0.1317832,7.617,0.83,7.502
"2012-10-03 23:00:00",655,10.69,99.9,7.445,0.202,0.1310586,7.402,0.831,7.301
"2012-10-04 00:00:00",656,10.71,99.5,7.208,0.202,0.1304269,7.212,0.831,7.07
"2012-10-04 01:00:00",657,10.72,99.1,7.03,0.203,0.1299234,7.018,0.831,6.891
"2012-10-04 02:00:00",658,10.77,99,6.768,0.204,0.1293857,6.765,0.832,6.627
"2012-10-04 03:00:00",659,10.84,99,6.522,0.204,0.1285238,6.531,0.831,6.393
"2012-10-04 04:00:00",660,10.91,99.1,6.277,0.205,0.1279142,6.251,0.831,6.144
"2012-10-04 05:00:00",661,10.92,98.4,5.986,0.205,0.1269259,5.988,0.831,5.862
"2012-10-04 06:00:00",662,11.03,98.7,5.709,0.205,0.1260385,5.709,0.831,5.581
"2012-10-04 07:00:00",663,11.12,98.8,5.441,0.206,0.1251873,5.447,0.831,5.328
"2012-10-04 08:00:00",664,11.18,98.8,5.235,0.206,0.1244883,5.265,0.831,5.123
"2012-10-04 09:00:00",665,11.29,99.4,5.11,0.206,0.1239549,5.093,0.83,5.001
"2012-10-04 10:00:00",666,11.36,100.1,5.119,0.206,0.1241538,5.117,0.831,5.029
"2012-10-04 11:00:00",667,11.44,101.2,5.264,0.206,0.1245897,5.235,0.832,5.173
"2012-10-04 12:00:00",668,11.52,102.6,5.554,0.206,0.1257309,5.545,0.831,5.464
"2012-10-04 13:00:00",669,11.61,104.6,5.981,0.206,0.1274296,5.991,0.832,5.881
"2012-10-04 14:00:00",670,11.63,105.8,6.396,0.206,0.1290088,6.366,0.832,6.285
"2012-10-04 15:00:00",671,11.53,106,6.796,0.205,0.1304946,6.787,0.832,6.688
"2012-10-04 16:00:00",672,11.49,106.4,7.082,0.205,0.1316169,7.091,0.833,6.968
"2012-10-04 17:00:00",673,11.37,105.6,7.191,0.205,0.1320475,7.189,0.833,7.065
"2012-10-04 18:00:00",674,11.31,105.1,7.205,0.205,0.1320747,7.179,0.832,7.072
"2012-10-04 19:00:00",675,11.28,104.6,7.13,0.205,0.1318318,7.132,0.832,6.997
"2012-10-04 20:00:00",676,11.08,102.2,6.943,0.205,0.1312574,6.948,0.832,6.805
"2012-10-04 21:00:00",677,10.97,100.8,6.738,0.206,0.1305935,6.729,0.831,6.601
"2012-10-04 22:00:00",678,10.94,100.2,6.635,0.206,0.1303045,6.638,0.831,6.507
"2012-10-04 23:00:00",679,10.94,100,6.529,0.206,0.1298786,6.531,0.831,6.404
"2012-10-05 00:00:00",680,10.95,99.7,6.409,0.206,0.1295089,6.453,0.83,6.283
"2012-10-05 01:00:00",681,10.93,99,6.169,0.207,0.1288146,6.162,0.83,6.038
"2012-10-05 02:00:00",682,10.98,98.7,5.908,0.207,0.1278571,5.911,0.829,5.782
"2012-10-05 03:00:00",683,11.03,98.6,5.675,0.207,0.1270555,5.699,0.83,5.558
"2012-10-05 04:00:00",684,11.11,98.8,5.459,0.207,0.1263661,5.476,0.829,5.334
"2012-10-05 05:00:00",685,11.2,98.8,5.153,0.208,0.1253347,5.169,0.829,5.039
"2012-10-05 06:00:00",686,11.29,98.8,4.869,0.208,0.1242991,4.87,0.828,4.759
"2012-10-05 07:00:00",687,11.34,98.5,4.574,0.208,0.1233,4.619,0.828,4.473
"2012-10-05 08:00:00",688,11.41,98.5,4.345,0.208,0.1223818,4.371,0.828,4.228
"2012-10-05 09:00:00",689,11.53,99.3,4.233,0.209,0.1218552,4.215,0.826,4.114
"2012-10-05 10:00:00",690,11.62,100.2,4.266,0.208,0.1219748,4.28,0.826,4.154
"2012-10-05 11:00:00",691,11.75,101.7,4.435,0.208,0.1226012,4.429,0.827,4.356
"2012-10-05 12:00:00",692,11.96,104.4,4.75,0.208,0.1237784,4.786,0.826,4.683
"2012-10-05 13:00:00",693,11.8,103.9,5.114,0.208,0.1250753,5.123,0.828,5.023
"2012-10-05 14:00:00",694,11.92,105.8,5.4,0.207,0.1261434,5.42,0.828,5.323
"2012-10-05 15:00:00",695,11.85,106.3,5.834,0.207,0.1277481,5.85,0.828,5.745
"2012-10-05 16:00:00",696,11.78,106.2,6.014,0.207,0.1284577,6.046,0.828,5.911
"2012-10-05 17:00:00",697,11.7,105.8,6.12,0.207,0.1288135,6.106,0.828,6.011
"2012-10-05 18:00:00",698,11.59,105.1,6.247,0.207,0.1292437,6.246,0.828,6.127
"2012-10-05 19:00:00",699,11.55,104.7,6.226,0.207,0.1292092,6.229,0.828,6.098
"2012-10-05 20:00:00",700,11.43,103.4,6.151,0.207,0.1289644,6.161,0.828,6.029
"2012-10-05 21:00:00",701,11.37,102.7,6.078,0.207,0.1287147,6.078,0.827,5.952
"2012-10-05 22:00:00",702,11.25,101.2,5.927,0.207,0.1281993,5.93,0.827,5.804
"2012-10-05 23:00:00",703,11.2,100.4,5.759,0.207,0.1276516,5.784,0.827,5.636
"2012-10-06 00:00:00",704,11.18,99.6,5.527,0.208,0.1268364,5.562,0.826,5.409
"2012-10-06 01:00:00",705,11.23,99.4,5.288,0.208,0.1259664,5.291,0.825,5.178
"2012-10-06 02:00:00",706,11.27,99.2,5.063,0.208,0.1251895,5.041,0.825,4.957
"2012-10-06 03:00:00",707,11.31,99,4.866,0.208,0.1245491,4.893,0.826,4.757
"2012-10-06 04:00:00",708,11.38,99.2,4.691,0.208,0.1239602,4.732,0.825,4.584
"2012-10-06 05:00:00",709,11.43,99.1,4.496,0.209,0.1233317,4.513,0.825,4.394
"2012-10-06 06:00:00",710,11.44,98.8,4.356,0.209,0.1227652,4.34,0.824,4.229
"2012-10-06 07:00:00",711,11.42,98.1,4.171,0.21,0.1222101,4.157,0.824,4.053
"2012-10-06 08:00:00",712,11.61,99.5,4.061,0.209,0.1217966,4.074,0.824,3.946
"2012-10-06 09:00:00",713,11.38,97.6,4.085,0.21,0.121886,4.068,0.824,3.977
"2012-10-06 10:00:00",714,11.52,99.1,4.189,0.209,0.1222398,4.187,0.824,4.088
"2012-10-06 11:00:00",715,11.6,100.2,4.367,0.209,0.1229267,4.365,0.824,4.274
"2012-10-06 12:00:00",716,11.88,103,4.491,0.209,0.1233578,4.482,0.824,4.412
"2012-10-06 13:00:00",717,11.9,103.7,4.693,0.209,0.1240687,4.705,0.825,4.614
"2012-10-06 14:00:00",718,11.94,105,5.018,0.208,0.1252153,5.041,0.824,4.959
"2012-10-06 15:00:00",719,11.95,106.1,5.388,0.208,0.1266586,5.395,0.825,5.305
"2012-10-06 16:00:00",720,11.91,106.1,5.565,0.208,0.1273009,5.565,0.824,5.471
"2012-10-06 17:00:00",721,11.9,106.3,5.667,0.208,0.127636,5.662,0.825,5.566
"2012-10-06 18:00:00",722,11.81,105.7,5.72,0.208,0.1277745,5.727,0.824,5.608
"2012-10-06 19:00:00",723,11.73,105,5.71,0.208,0.1276866,5.699,0.824,5.59
"2012-10-06 20:00:00",724,11.64,103.9,5.634,0.208,0.1274588,5.669,0.824,5.517
"2012-10-06 21:00:00",725,11.48,102.3,5.541,0.208,0.1271408,5.56,0.824,5.431
"2012-10-06 22:00:00",726,11.43,101.6,5.445,0.208,0.1268008,5.459,0.824,5.338
"2012-10-06 23:00:00",727,11.41,101,5.316,0.208,0.1263007,5.31,0.823,5.203
"2012-10-07 00:00:00",728,11.33,99.9,5.139,0.208,0.1257099,5.156,0.822,5.031
"2012-10-07 01:00:00",729,11.35,99.6,4.983,0.208,0.1251194,5.011,0.823,4.872
"2012-10-07 02:00:00",730,11.36,99.3,4.825,0.209,0.1245629,4.838,0.822,4.721
"2012-10-07 03:00:00",731,11.35,98.9,4.666,0.209,0.1239857,4.665,0.823,4.561
"2012-10-07 04:00:00",732,11.39,98.7,4.478,0.209,0.1233755,4.492,0.822,4.376
"2012-10-07 05:00:00",733,11.4,98.5,4.336,0.211,0.1240995,4.344,0.822,4.212
"2012-10-07 06:00:00",734,11.48,98.6,4.146,0.212,0.1237986,4.137,0.822,4.022
"2012-10-07 07:00:00",735,11.46,98.1,4.004,0.213,0.1232761,3.993,0.821,3.878
"2012-10-07 08:00:00",736,11.55,98.5,3.858,0.213,0.1229873,3.868,0.821,3.742
"2012-10-07 09:00:00",737,11.42,97.4,3.838,0.213,0.1228185,3.819,0.821,3.739
"2012-10-07 10:00:00",738,11.66,99.6,3.915,0.213,0.1229642,3.921,0.821,3.812
"2012-10-07 11:00:00",739,11.75,100.7,4.086,0.214,0.1242853,4.069,0.822,3.987
"2012-10-07 12:00:00",740,11.6,100.2,4.356,0.212,0.1242442,4.342,0.821,4.255
"2012-10-07 13:00:00",741,11.7,101.9,4.692,0.212,0.1257609,4.692,0.823,4.618
"2012-10-07 14:00:00",742,11.5,101.2,5.064,0.211,0.1269711,5.064,0.822,4.983
"2012-10-07 15:00:00",743,11.79,105,5.51,0.211,0.1287259,5.514,0.823,5.427
"2012-10-07 16:00:00",744,11.56,103.8,5.85,0.21,0.129438,5.842,0.823,5.757
"2012-10-07 17:00:00",745,11.12,100.3,6.031,0.21,0.1304372,6.036,0.823,5.93
"2012-10-07 18:00:00",746,11.47,103.8,6.147,0.21,0.1310338,6.139,0.823,6.029
"2012-10-07 19:00:00",747,11.5,104.1,6.182,0.208,0.1297734,6.152,0.823,6.062
"2012-10-07 20:00:00",748,11.41,103.4,6.184,0.208,0.1298613,6.189,0.823,6.063
"2012-10-07 21:00:00",749,11.24,101.8,6.165,0.208,0.1298175,6.168,0.823,6.047
"2012-10-07 22:00:00",750,11.18,101.2,6.158,0.208,0.1297871,6.174,0.822,6.039
"2012-10-07 23:00:00",751,11.12,100.5,6.115,0.208,0.1296717,6.11,0.823,5.993
"2012-10-08 00:00:00",752,10.97,98.9,6.022,0.208,0.1293384,6.03,0.822,5.9
"2012-10-08 01:00:00",753,10.95,98.3,5.838,0.209,0.1287088,5.845,0.821,5.725
"2012-10-08 02:00:00",754,10.99,98.2,5.667,0.209,0.1281146,5.7,0.822,5.553
"2012-10-08 03:00:00",755,11.02,98.2,5.562,0.209,0.1277388,5.555,0.821,5.448
"2012-10-08 04:00:00",756,11.04,98.2,5.451,0.209,0.1273126,5.447,0.822,5.336
"2012-10-08 05:00:00",757,11.06,98,5.338,0.209,0.1269108,5.347,0.822,5.221
"2012-10-08 06:00:00",758,11.11,98.2,5.235,0.209,0.1266203,5.231,0.822,5.126
"2012-10-08 07:00:00",759,11.14,98.2,5.164,0.209,0.1263972,5.201,0.821,5.053
"2012-10-08 08:00:00",760,11.18,98.6,5.116,0.21,0.1262857,5.134,0.821,5.01
"2012-10-08 09:00:00",761,11.21,98.8,5.107,0.21,0.1262811,5.133,0.821,5.003
"2012-10-08 10:00:00",762,11.12,98.1,5.164,0.21,0.1264759,5.174,0.822,5.073
"2012-10-08 11:00:00",763,11.42,101,5.241,0.209,0.1266695,5.237,0.821,5.156
"2012-10-08 12:00:00",764,11.52,102.2,5.368,0.209,0.127116,5.347,0.821,5.282
"2012-10-08 13:00:00",765,11.5,102.4,5.515,0.209,0.1275717,5.544,0.822,5.426
"2012-10-08 14:00:00",766,11.62,103.8,5.664,0.209,0.1281611,5.663,0.822,5.567
"2012-10-08 15:00:00",767,11.58,103.8,5.773,0.209,0.1285812,5.779,0.822,5.664
"2012-10-08 16:00:00",768,11.51,103.2,5.789,0.209,0.1285663,5.798,0.822,5.679
"2012-10-08 17:00:00",769,11.42,102.5,5.827,0.209,0.1286523,5.817,0.823,5.712
"2012-10-08 18:00:00",770,11.45,102.8,5.862,0.209,0.1288266,5.867,0.822,5.749
"2012-10-08 19:00:00",771,11.38,102.2,5.887,0.208,0.1288836,5.912,0.823,5.77
"2012-10-08 20:00:00",772,11.27,101.4,5.908,0.208,0.1286907,5.897,0.824,5.784
"2012-10-08 21:00:00",773,11.25,101.2,5.908,0.208,0.1286974,5.918,0.823,5.796
"2012-10-08 22:00:00",774,11.17,100.4,5.908,0.208,0.1287319,5.94,0.824,5.794
"2012-10-08 23:00:00",775,11.11,99.9,5.905,0.208,0.1287043,5.913,0.824,5.781
"2012-10-09 00:00:00",776,11.08,99.5,5.858,0.208,0.1285589,5.875,0.823,5.745
"2012-10-09 01:00:00",777,11.08,99.4,5.814,0.208,0.128395,5.848,0.823,5.699
"2012-10-09 02:00:00",778,11.07,99.2,5.761,0.208,0.1281771,5.792,0.823,5.643
"2012-10-09 03:00:00",779,11.07,99,5.715,0.208,0.1280113,5.724,0.822,5.599
"2012-10-09 04:00:00",780,11.07,98.9,5.675,0.209,0.1278702,5.664,0.823,5.558
"2012-10-09 05:00:00",781,11.06,98.7,5.632,0.208,0.1277343,5.655,0.822,5.516
"2012-10-09 06:00:00",782,11.08,98.8,5.564,0.209,0.1275322,5.581,0.823,5.453
"2012-10-09 07:00:00",783,11.09,98.6,5.484,0.209,0.1272898,5.491,0.822,5.366
"2012-10-09 08:00:00",784,11.11,98.6,5.395,0.209,0.1270219,5.385,0.822,5.288
"2012-10-09 09:00:00",785,11.19,99.3,5.408,0.209,0.1270889,5.423,0.823,5.305
"2012-10-09 10:00:00",786,11.31,100.6,5.502,0.209,0.127403,5.491,0.821,5.398
"2012-10-09 11:00:00",787,11.26,100.6,5.668,0.209,0.1280306,5.681,0.823,5.573
"2012-10-09 12:00:00",788,11.35,102.1,5.935,0.208,0.1290433,5.968,0.822,5.845
"2012-10-09 13:00:00",789,11.47,104.6,6.429,0.208,0.1308154,6.395,0.823,6.328
"2012-10-09 14:00:00",790,11.44,105,6.742,0.208,0.1321685,6.739,0.823,6.635
"2012-10-09 15:00:00",791,11.32,104.9,7.1,0.208,0.1334546,7.107,0.824,6.983
"2012-10-09 16:00:00",792,11.3,105.3,7.323,0.208,0.1343009,7.296,0.823,7.192
"2012-10-09 17:00:00",793,11.19,104.3,7.352,0.208,0.1343384,7.335,0.824,7.222
"2012-10-09 18:00:00",794,11.15,104,7.375,0.208,0.1344337,7.377,0.824,7.241
"2012-10-09 19:00:00",795,11.11,103.6,7.355,0.208,0.134358,7.344,0.824,7.216
"2012-10-09 20:00:00",796,10.94,101.9,7.32,0.208,0.1342599,7.302,0.823,7.18
"2012-10-09 21:00:00",797,10.9,101.3,7.236,0.208,0.1340514,7.219,0.823,7.099
"2012-10-09 22:00:00",798,10.8,100.3,7.154,0.208,0.1337715,7.154,0.823,7.019
"2012-10-09 23:00:00",799,10.71,99.1,7.049,0.208,0.1334447,7.044,0.823,6.912
"2012-10-10 00:00:00",800,10.69,98.5,6.907,0.209,0.1329745,6.881,0.822,6.769
"2012-10-10 01:00:00",801,10.7,98,6.659,0.209,0.1321191,6.67,0.822,6.522
"2012-10-10 02:00:00",802,10.76,98,6.424,0.209,0.1313615,6.43,0.821,6.292
"2012-10-10 03:00:00",803,10.8,97.8,6.201,0.209,0.1305167,6.191,0.821,6.072
"2012-10-10 04:00:00",804,10.87,98,6.006,0.209,0.1298562,6.007,0.821,5.882
"2012-10-10 05:00:00",805,10.91,97.9,5.811,0.21,0.1291616,5.823,0.821,5.684
"2012-10-10 06:00:00",806,10.98,97.9,5.589,0.21,0.1284007,5.581,0.821,5.471
"2012-10-10 07:00:00",807,11.03,97.8,5.387,0.21,0.1276963,5.417,0.82,5.264
"2012-10-10 08:00:00",808,11.12,98.2,5.178,0.21,0.1270373,5.204,0.82,5.065
"2012-10-10 09:00:00",809,11.16,98.2,5.067,0.21,0.1265908,5.089,0.82,4.971
"2012-10-10 10:00:00",810,11.22,99,5.141,0.21,0.126811,5.155,0.82,5.044
"2012-10-10 11:00:00",811,11.23,99.4,5.262,0.21,0.1271676,5.29,0.82,5.169
"2012-10-10 12:00:00",812,11.33,101,5.579,0.21,0.1284066,5.602,0.819,5.494
"2012-10-10 13:00:00",813,11.59,104.5,5.995,0.21,0.1299559,5.988,0.82,5.903
"2012-10-10 14:00:00",814,11.6,105.2,6.27,0.209,0.1309947,6.291,0.821,6.167
"2012-10-10 15:00:00",815,11.58,105.8,6.541,0.209,0.1319007,6.549,0.821,6.438
"2012-10-10 16:00:00",816,11.45,105.8,6.993,0.209,0.1336096,6.995,0.82,6.883
"2012-10-10 17:00:00",817,11.38,105.5,7.133,0.209,0.1341663,7.155,0.821,7.009
"2012-10-10 18:00:00",818,11.27,104.6,7.162,0.209,0.1342205,7.162,0.822,7.026
"2012-10-10 19:00:00",819,11.16,103.6,7.194,0.209,0.1344043,7.198,0.822,7.062
"2012-10-10 20:00:00",820,10.98,102,7.201,0.209,0.1344536,7.189,0.822,7.064
"2012-10-10 21:00:00",821,10.93,101.4,7.177,0.209,0.134431,7.161,0.822,7.034
"2012-10-10 22:00:00",822,10.78,99.9,7.105,0.209,0.1342084,7.075,0.82,6.969
"2012-10-10 23:00:00",823,10.77,99.6,7.006,0.209,0.1338594,6.978,0.819,6.868
"2012-10-11 00:00:00",824,10.75,99,6.839,0.209,0.1332775,6.838,0.82,6.704
"2012-10-11 01:00:00",825,10.77,98.7,6.672,0.21,0.1327714,6.654,0.818,6.536
"2012-10-11 02:00:00",826,10.8,98.7,6.521,0.21,0.1321984,6.537,0.818,6.393
"2012-10-11 03:00:00",827,10.82,98.5,6.405,0.21,0.1319223,6.403,0.818,6.282
"2012-10-11 04:00:00",828,10.84,98.5,6.3,0.21,0.1314939,6.311,0.819,6.167
"2012-10-11 05:00:00",829,10.89,98.6,6.172,0.218,0.1360988,6.175,0.818,6.047
"2012-10-11 06:00:00",830,10.93,98.6,6.054,0.218,0.1356133,6.059,0.817,5.936
"2012-10-11 07:00:00",831,10.94,98.5,5.931,0.218,0.1349651,5.924,0.818,5.811
"2012-10-11 08:00:00",832,10.99,98.6,5.826,0.218,0.1343915,5.828,0.817,5.712
"2012-10-11 09:00:00",833,11.09,99.4,5.784,0.219,0.1345532,5.759,0.817,5.674
"2012-10-11 10:00:00",834,11.06,99.3,5.81,0.218,0.1341217,5.82,0.816,5.7
"2012-10-11 11:00:00",835,11.25,101.3,5.985,0.216,0.1339915,5.979,0.818,5.886
"2012-10-11 12:00:00",836,11.19,101.4,6.207,0.217,0.1356856,6.226,0.817,6.099
"2012-10-11 13:00:00",837,11.4,104.1,6.514,0.217,0.1367806,6.502,0.818,6.41
"2012-10-11 14:00:00",838,11.39,104.9,6.855,0.217,0.1382583,6.856,0.817,6.74
"2012-10-11 15:00:00",839,11.32,105.1,7.173,0.218,0.1403632,7.162,0.818,7.047
"2012-10-11 16:00:00",840,11.33,105.5,7.296,0.216,0.1398112,7.305,0.818,7.169
"2012-10-11 17:00:00",841,11.26,104.9,7.324,0.215,0.1390695,7.325,0.818,7.197
"2012-10-11 18:00:00",842,11.06,103.2,7.371,0.217,0.1404688,7.36,0.818,7.234
"2012-10-11 19:00:00",843,11.07,103.3,7.37,0.21,0.135561,7.348,0.818,7.226
"2012-10-11 20:00:00",844,11.02,102.7,7.325,0.21,0.1353841,7.306,0.818,7.189
"2012-10-11 21:00:00",845,10.84,100.9,7.272,0.21,0.1352747,7.264,0.818,7.133
"2012-10-11 22:00:00",846,10.72,99.6,7.201,0.21,0.1349929,7.209,0.818,7.066
"2012-10-11 23:00:00",847,10.66,98.9,7.14,0.21,0.1347913,7.142,0.818,7.003
"2012-10-12 00:00:00",848,10.59,98,7.033,0.21,0.1344246,7.033,0.818,6.893
"2012-10-12 01:00:00",849,10.59,97.5,6.833,0.21,0.1337375,6.81,0.817,6.693
"2012-10-12 02:00:00",850,10.66,97.5,6.56,0.21,0.1327502,6.554,0.817,6.423
"2012-10-12 03:00:00",851,10.72,97.4,6.323,0.21,0.1318845,6.359,0.817,6.195
"2012-10-12 04:00:00",852,10.75,97.2,6.11,0.211,0.1311236,6.104,0.816,5.986
"2012-10-12 05:00:00",853,10.84,97.3,5.856,0.211,0.1302373,5.872,0.816,5.727
"2012-10-12 06:00:00",854,10.89,97.4,5.665,0.211,0.1295536,5.707,0.815,5.55
"2012-10-12 07:00:00",855,10.88,96.8,5.486,0.211,0.1288258,5.475,0.816,5.365
"2012-10-12 08:00:00",856,10.97,97.1,5.262,0.211,0.1280204,5.282,0.816,5.143
"2012-10-12 09:00:00",857,10.93,96.3,5.105,0.212,0.1275176,5.117,0.815,4.999
"2012-10-12 10:00:00",858,10.97,96.6,5.078,0.212,0.1273702,5.063,0.814,4.984
"2012-10-12 11:00:00",859,11.22,99.1,5.195,0.211,0.1276893,5.192,0.815,5.102
"2012-10-12 12:00:00",860,10.54,93.7,5.456,0.211,0.1286097,5.438,0.815,5.36
"2012-10-12 13:00:00",861,10.41,93.5,5.876,0.211,0.130185,5.866,0.816,5.792
"2012-10-12 14:00:00",862,10.35,94.1,6.347,0.21,0.1319955,6.36,0.816,6.251
"2012-10-12 15:00:00",863,11.19,102.3,6.557,0.211,0.1328397,6.545,0.817,6.443
"2012-10-12 16:00:00",864,11.3,103.7,6.691,0.21,0.1332215,6.666,0.817,6.563
"2012-10-12 17:00:00",865,11.24,103.6,6.867,0.21,0.1338621,6.889,0.817,6.748
"2012-10-12 18:00:00",866,11.11,102.7,7.007,0.21,0.1343908,6.967,0.817,6.882
"2012-10-12 19:00:00",867,11,102,7.102,0.21,0.1348185,7.113,0.817,6.969
"2012-10-12 20:00:00",868,10.93,101.4,7.131,0.21,0.1349446,7.137,0.817,6.991
"2012-10-12 21:00:00",869,10.82,100.3,7.127,0.21,0.135003,7.124,0.817,6.994
"2012-10-12 22:00:00",870,10.72,99.5,7.155,0.21,0.1351138,7.141,0.815,7.02
"2012-10-12 23:00:00",871,10.6,98.6,7.243,0.21,0.1354868,7.208,0.817,7.106
"2012-10-13 00:00:00",872,10.56,98.3,7.29,0.21,0.1357051,7.295,0.817,7.153
"2012-10-13 01:00:00",873,10.55,98.1,7.263,0.21,0.1356357,7.246,0.816,7.122
"2012-10-13 02:00:00",874,10.54,98,7.208,0.21,0.1354966,7.202,0.815,7.075
"2012-10-13 03:00:00",875,10.53,97.7,7.153,0.21,0.1353135,7.163,0.815,7.013
"2012-10-13 04:00:00",876,10.55,97.8,7.106,0.211,0.1352117,7.104,0.816,6.975
"2012-10-13 05:00:00",877,10.57,97.9,7.079,0.211,0.1351891,7.089,0.815,6.947
"2012-10-13 06:00:00",878,10.55,97.7,7.054,0.211,0.1350993,7.046,0.815,6.916
"2012-10-13 07:00:00",879,10.58,97.8,6.989,0.211,0.1349562,6.984,0.815,6.858
"2012-10-13 08:00:00",880,10.58,97.7,6.955,0.211,0.1348211,6.926,0.814,6.821
"2012-10-13 09:00:00",881,10.61,98,6.949,0.211,0.1347647,6.935,0.815,6.818
"2012-10-13 10:00:00",882,10.74,99.3,7.011,0.211,0.1350689,7.033,0.815,6.896
"2012-10-13 11:00:00",883,10.91,101.1,7.118,0.211,0.1353396,7.111,0.816,7.001
"2012-10-13 12:00:00",884,10.98,102.2,7.277,0.21,0.1354861,7.296,0.817,7.166
"2012-10-13 13:00:00",885,11.14,104.2,7.48,0.209,0.1360804,7.495,0.818,7.365
"2012-10-13 14:00:00",886,11.2,105.3,7.671,0.209,0.1366788,7.69,0.82,7.583
"2012-10-13 15:00:00",887,11.21,105.9,7.885,0.209,0.1373566,7.925,0.822,7.786
"2012-10-13 16:00:00",888,11.18,106.1,8.06,0.208,0.1378088,8.06,0.824,7.951
"2012-10-13 17:00:00",889,11.13,105.9,8.14,0.208,0.1378456,8.15,0.824,8.01
"2012-10-13 18:00:00",890,11.06,105.1,8.12,0.208,0.1377336,8.12,0.827,8
"2012-10-13 19:00:00",891,10.92,103.7,8.09,0.207,0.1372926,8.11,0.827,7.971
"2012-10-13 20:00:00",892,10.84,102.8,8.06,0.207,0.1370553,8.06,0.827,7.937
"2012-10-13 21:00:00",893,10.68,101.3,8.02,0.207,0.136867,8.04,0.827,7.903
"2012-10-13 22:00:00",894,10.62,100.5,7.978,0.207,0.1364035,8.02,0.827,7.861
"2012-10-13 23:00:00",895,10.56,99.9,7.932,0.206,0.13602,7.958,0.827,7.81
"2012-10-14 00:00:00",896,10.5,99.1,7.872,0.206,0.1356589,7.909,0.827,7.75
"2012-10-14 01:00:00",897,10.47,98.7,7.804,0.206,0.135277,7.812,0.827,7.683
"2012-10-14 02:00:00",898,10.51,98.9,7.749,0.206,0.1350864,7.773,0.827,7.627
"2012-10-14 03:00:00",899,10.5,98.7,7.678,0.206,0.134968,7.686,0.827,7.558
"2012-10-14 04:00:00",900,10.53,98.8,7.611,0.207,0.1348812,7.629,0.828,7.493
"2012-10-14 05:00:00",901,10.54,98.8,7.562,0.207,0.1347687,7.6,0.828,7.44
"2012-10-14 06:00:00",902,10.52,98.5,7.535,0.207,0.1346817,7.509,0.827,7.393
"2012-10-14 07:00:00",903,10.52,98.5,7.514,0.207,0.1345769,7.508,0.827,7.37
"2012-10-14 08:00:00",904,10.55,98.7,7.496,0.207,0.1345828,7.504,0.827,7.362
"2012-10-14 09:00:00",905,10.51,98.4,7.515,0.207,0.1345396,7.511,0.826,7.379
"2012-10-14 10:00:00",906,10.56,99,7.561,0.207,0.1347085,7.569,0.828,7.441
"2012-10-14 11:00:00",907,10.76,101.1,7.669,0.207,0.1350804,7.677,0.832,7.574
"2012-10-14 12:00:00",908,10.66,100.7,7.907,0.206,0.135763,7.906,0.835,7.812
"2012-10-14 13:00:00",909,10.75,102.2,8.14,0.206,0.1366482,8.16,0.834,8.05
"2012-10-14 14:00:00",910,10.2,97.6,8.38,0.206,0.1374973,8.41,0.834,8.28
"2012-10-14 15:00:00",911,10.86,104.1,8.5,0.206,0.137801,8.51,0.835,8.38
"2012-10-14 16:00:00",912,10.84,104.2,8.58,0.205,0.1380683,8.61,0.836,8.46
"2012-10-14 17:00:00",913,10.95,105.3,8.62,0.205,0.1380231,8.62,0.835,8.49
"2012-10-14 18:00:00",914,10.14,97.7,8.71,0.205,0.1384176,8.72,0.836,8.58
"2012-10-14 19:00:00",915,10.55,101.9,8.8,0.206,0.1389621,8.81,0.84,8.67
"2012-10-14 20:00:00",916,10.4,100.7,8.86,0.206,0.1394038,8.87,0.837,8.73
"2012-10-14 21:00:00",917,10.28,99.6,8.92,0.206,0.1398118,8.94,0.839,8.79
"2012-10-14 22:00:00",918,10.23,99.2,8.96,0.206,0.1400499,9,0.836,8.82
"2012-10-14 23:00:00",919,10.18,98.8,8.96,0.206,0.1401746,8.98,0.835,8.83
"2012-10-15 00:00:00",920,10.14,98.3,8.92,0.207,0.1400952,8.92,0.836,8.79
"2012-10-15 01:00:00",921,10.15,98.2,8.86,0.207,0.1399723,8.86,0.835,8.73
"2012-10-15 02:00:00",922,10.16,98.1,8.79,0.206,0.1395753,8.81,0.834,8.65
"2012-10-15 03:00:00",923,10.15,97.9,8.69,0.206,0.1392621,8.73,0.834,8.56
"2012-10-15 04:00:00",924,10.16,97.7,8.62,0.207,0.1390241,8.65,0.834,8.49
"2012-10-15 05:00:00",925,10.18,97.7,8.53,0.207,0.1387976,8.55,0.835,8.41
"2012-10-15 06:00:00",926,10.21,97.9,8.48,0.207,0.1385597,8.47,0.836,8.35
"2012-10-15 07:00:00",927,10.2,97.6,8.42,0.207,0.1381522,8.43,0.836,8.29
"2012-10-15 08:00:00",928,10.24,97.8,8.36,0.207,0.1380051,8.39,0.835,8.23
"2012-10-15 09:00:00",929,10.24,97.9,8.36,0.207,0.1380391,8.36,0.834,8.24
"2012-10-15 10:00:00",930,10.33,98.9,8.41,0.207,0.1381069,8.4,0.835,8.29
"2012-10-15 11:00:00",931,10.46,100.2,8.47,0.206,0.1381749,8.47,0.835,8.35
"2012-10-15 12:00:00",932,10.56,101.4,8.54,0.206,0.138103,8.56,0.836,8.43
"2012-10-15 13:00:00",933,10.68,103.1,8.76,0.205,0.1388728,8.8,0.837,8.65
"2012-10-15 14:00:00",934,10.81,104.6,8.86,0.206,0.1390877,8.84,0.839,8.74
"2012-10-15 15:00:00",935,10.77,104.2,8.86,0.205,0.1387595,8.86,0.84,8.74
"2012-10-15 16:00:00",936,10.79,104.5,8.9,0.204,0.1384425,8.93,0.841,8.77
"2012-10-15 17:00:00",937,10.8,104.8,8.95,0.204,0.1386803,8.97,0.841,8.82
"2012-10-15 18:00:00",938,10.72,103.9,8.93,0.204,0.1384122,8.94,0.84,8.8
"2012-10-15 19:00:00",939,10.62,102.9,8.91,0.204,0.1381182,8.9,0.839,8.77
"2012-10-15 20:00:00",940,10.47,101.3,8.86,0.203,0.1376883,8.85,0.839,8.72
"2012-10-15 21:00:00",941,10.35,100,8.83,0.203,0.1376204,8.84,0.839,8.69
"2012-10-15 22:00:00",942,10.25,99.1,8.81,0.204,0.1376997,8.82,0.84,8.67
"2012-10-15 23:00:00",943,10.2,98.5,8.77,0.204,0.137813,8.78,0.844,8.64
"2012-10-16 00:00:00",944,10.15,97.9,8.72,0.204,0.1376135,8.71,0.849,8.59
"2012-10-16 01:00:00",945,10.16,97.8,8.62,0.203,0.136459,8.64,0.852,8.5
"2012-10-16 02:00:00",946,10.15,97.4,8.53,0.201,0.1349533,8.52,0.854,8.4
"2012-10-16 03:00:00",947,10.15,97.2,8.43,0.2,0.1340961,8.47,0.861,8.31
"2012-10-16 04:00:00",948,10.16,97.1,8.33,0.199,0.1326458,8.34,0.868,8.21
"2012-10-16 05:00:00",949,10.16,96.9,8.26,0.197,0.131294,8.26,0.876,8.13
"2012-10-16 06:00:00",950,10.17,96.9,8.2,0.193,0.1283858,8.2,0.895,8.07
"2012-10-16 07:00:00",951,10.18,96.8,8.12,0.193,0.1276523,8.11,0.905,7.995
"2012-10-16 08:00:00",952,10.21,96.8,8.05,0.191,0.1263762,8.03,0.901,7.922
"2012-10-16 09:00:00",953,10.22,96.8,8.01,0.19,0.1254501,8.02,0.898,7.888
"2012-10-16 10:00:00",954,10.22,96.8,7.976,0.189,0.1243828,7.971,0.92,7.849
"2012-10-16 11:00:00",955,10.23,96.9,7.949,0.187,0.1235181,7.968,0.931,7.833
"2012-10-16 12:00:00",956,10.28,97.2,7.95,0.183,0.1208279,7.966,0.928,7.824
"2012-10-16 13:00:00",957,10.36,98.1,7.97,0.183,0.1205518,7.972,0.932,7.852
"2012-10-16 14:00:00",958,10.38,98.4,8.03,0.184,0.1215467,8.02,0.94,7.91
"2012-10-16 15:00:00",959,10.48,99.3,7.996,0.181,0.1193025,8,0.939,7.877
"2012-10-16 16:00:00",960,10.57,100.1,7.98,0.179,0.1179715,7.995,0.939,7.866
"2012-10-16 17:00:00",961,10.63,100.6,7.948,0.177,0.1168504,7.958,0.935,7.826
"2012-10-16 18:00:00",962,10.61,100.2,7.898,0.176,0.1155484,7.903,0.934,7.775
"2012-10-16 19:00:00",963,10.54,99.4,7.801,0.175,0.1145139,7.8,0.934,7.679
"2012-10-16 20:00:00",964,10.48,98.4,7.616,0.174,0.1137712,7.638,0.938,7.498
"2012-10-16 21:00:00",965,10.48,98.1,7.493,0.174,0.113215,7.482,0.934,7.349
"2012-10-16 22:00:00",966,10.52,98.1,7.359,0.174,0.1126875,7.345,0.934,7.213
"2012-10-16 23:00:00",967,10.54,97.9,7.201,0.175,0.1126147,7.215,0.932,7.065
"2012-10-17 00:00:00",968,10.59,98.1,7.055,0.175,0.1123067,7.033,0.932,6.919
"2012-10-17 01:00:00",969,10.6,97.9,6.96,0.176,0.1122605,6.953,0.934,6.822
"2012-10-17 02:00:00",970,10.63,97.8,6.84,0.176,0.1124737,6.863,0.931,6.707
"2012-10-17 03:00:00",971,10.69,98.1,6.696,0.178,0.1126765,6.683,0.93,6.568
"2012-10-17 04:00:00",972,10.73,98.1,6.545,0.179,0.1129501,6.547,0.929,6.422
"2012-10-17 05:00:00",973,10.75,98,6.448,0.18,0.1135194,6.469,0.927,6.323
"2012-10-17 06:00:00",974,10.8,98.2,6.313,0.181,0.1133442,6.324,0.926,6.19
"2012-10-17 07:00:00",975,10.85,98.2,6.179,0.182,0.1134318,6.169,0.924,6.053
"2012-10-17 08:00:00",976,10.89,98.3,6.062,0.182,0.1132565,6.052,0.922,5.946
"2012-10-17 09:00:00",977,10.87,98,6.026,0.183,0.113607,6.014,0.92,5.911
"2012-10-17 10:00:00",978,11.03,99.4,5.992,0.184,0.1138218,5.994,0.918,5.877
"2012-10-17 11:00:00",979,11.18,101,6.1,0.184,0.1142682,6.12,0.918,5.988
"2012-10-17 12:00:00",980,11.29,102.5,6.298,0.184,0.1153395,6.275,0.917,6.184
"2012-10-17 13:00:00",981,11.32,103.2,6.447,0.185,0.1163279,6.479,0.918,6.329
"2012-10-17 14:00:00",982,11.28,103.1,6.548,0.185,0.1170334,6.558,0.918,6.44
"2012-10-17 15:00:00",983,11.31,103.7,6.669,0.186,0.1179146,6.636,0.915,6.554
"2012-10-17 16:00:00",984,11.31,103.9,6.749,0.187,0.1187208,6.732,0.915,6.627
"2012-10-17 17:00:00",985,11.24,103.2,6.738,0.188,0.1193207,6.731,0.914,6.608
"2012-10-17 18:00:00",986,11.2,102.6,6.651,0.188,0.1193025,6.647,0.911,6.526
"2012-10-17 19:00:00",987,11.15,102,6.596,0.189,0.1194237,6.603,0.911,6.468
"2012-10-17 20:00:00",988,11.04,100.8,6.521,0.19,0.1196455,6.527,0.91,6.389
"2012-10-17 21:00:00",989,10.99,100.1,6.399,0.19,0.1193013,6.385,0.908,6.272
"2012-10-17 22:00:00",990,10.98,99.7,6.278,0.191,0.1192276,6.264,0.907,6.143
"2012-10-17 23:00:00",991,11.02,99.6,6.078,0.191,0.1187306,6.07,0.907,5.95
"2012-10-18 00:00:00",992,11.06,99.3,5.851,0.191,0.118158,5.854,0.905,5.728
"2012-10-18 01:00:00",993,11.1,99.2,5.634,0.193,0.1179416,5.633,0.905,5.512
"2012-10-18 02:00:00",994,11.13,98.9,5.436,0.193,0.117255,5.446,0.905,5.319
"2012-10-18 03:00:00",995,11.2,99,5.233,0.193,0.1168033,5.243,0.902,5.121
"2012-10-18 04:00:00",996,11.26,99.1,5.066,0.193,0.116341,5.079,0.901,4.954
"2012-10-18 05:00:00",997,11.26,98.7,4.916,0.194,0.115956,4.915,0.899,4.804
"2012-10-18 06:00:00",998,11.34,99,4.761,0.195,0.1158239,4.77,0.897,4.651
"2012-10-18 07:00:00",999,11.34,98.6,4.617,0.195,0.1153513,4.616,0.897,4.507
"2012-10-18 08:00:00",1000,11.43,99.1,4.489,0.195,0.1150876,4.481,0.895,4.383
"2012-10-18 09:00:00",1001,11.55,100,4.42,0.195,0.1150107,4.424,0.894,4.327
"2012-10-18 10:00:00",1002,11.69,101.1,4.412,0.195,0.1150526,4.427,0.893,4.319
"2012-10-18 11:00:00",1003,11.73,101.9,4.541,0.196,0.1155911,4.534,0.893,4.453
"2012-10-18 12:00:00",1004,11.81,103.1,4.768,0.196,0.1165264,4.791,0.891,4.687
"2012-10-18 13:00:00",1005,11.84,104.2,5.078,0.196,0.1177402,5.072,0.891,4.989
"2012-10-18 14:00:00",1006,11.79,104.6,5.393,0.196,0.1189478,5.366,0.891,5.303
"2012-10-18 15:00:00",1007,11.67,104.2,5.611,0.196,0.1197644,5.607,0.89,5.5
"2012-10-18 16:00:00",1008,11.59,103.9,5.761,0.196,0.1205397,5.784,0.888,5.66
"2012-10-18 17:00:00",1009,11.6,104.5,5.976,0.196,0.1213694,5.959,0.888,5.863
"2012-10-18 18:00:00",1010,11.47,103.5,6.009,0.196,0.1217465,6.012,0.887,5.894
"2012-10-18 19:00:00",1011,11.37,102.4,5.984,0.196,0.1218145,6,0.886,5.866
"2012-10-18 20:00:00",1012,11.3,101.7,5.929,0.197,0.1217703,5.957,0.886,5.806
"2012-10-18 21:00:00",1013,11.14,100.1,5.873,0.197,0.1217278,5.896,0.885,5.754
"2012-10-18 22:00:00",1014,11.11,99.6,5.803,0.198,0.1216619,5.781,0.884,5.68
"2012-10-18 23:00:00",1015,11.11,99.3,5.666,0.198,0.1213972,5.681,0.883,5.549
"2012-10-19 00:00:00",1016,11.05,98.4,5.512,0.199,0.1212863,5.517,0.882,5.395
"2012-10-19 01:00:00",1017,11.09,98.3,5.347,0.199,0.1207111,5.363,0.881,5.236
"2012-10-19 02:00:00",1018,11.11,98.2,5.217,0.199,0.1200912,5.221,0.88,5.098
"2012-10-19 03:00:00",1019,11.14,98.1,5.101,0.199,0.1197152,5.092,0.88,4.99
"2012-10-19 04:00:00",1020,11.19,98.2,4.988,0.199,0.1193615,4.986,0.879,4.875
"2012-10-19 05:00:00",1021,11.21,98.2,4.872,0.199,0.1191285,4.908,0.879,4.771
"2012-10-19 06:00:00",1022,11.25,98.4,4.806,0.2,0.1189414,4.806,0.878,4.699
"2012-10-19 07:00:00",1023,11.27,98.4,4.765,0.2,0.1188419,4.768,0.878,4.661
"2012-10-19 08:00:00",1024,11.27,98.3,4.756,0.2,0.1188262,4.774,0.878,4.656
"2012-10-19 09:00:00",1025,11.31,98.9,4.792,0.2,0.1189777,4.817,0.877,4.691
"2012-10-19 10:00:00",1026,11.31,98.9,4.822,0.2,0.1191102,4.815,0.877,4.726
"2012-10-19 11:00:00",1027,11.36,99.5,4.886,0.199,0.1192489,4.9,0.876,4.786
"2012-10-19 12:00:00",1028,11.38,99.9,4.976,0.199,0.11948,5.009,0.879,4.884
"2012-10-19 13:00:00",1029,11.46,101.2,5.172,0.198,0.1191484,5.158,0.882,5.077
"2012-10-19 14:00:00",1030,11.5,101.9,5.361,0.197,0.1197661,5.354,0.882,5.26
"2012-10-19 15:00:00",1031,11.43,101.7,5.485,0.197,0.1202285,5.487,0.881,5.381
"2012-10-19 16:00:00",1032,11.42,101.9,5.594,0.197,0.1205046,5.588,0.881,5.49
"2012-10-19 17:00:00",1033,11.38,101.9,5.737,0.197,0.1208634,5.725,0.884,5.632
"2012-10-19 18:00:00",1034,11.27,101.2,5.855,0.196,0.1210896,5.824,0.884,5.741
"2012-10-19 19:00:00",1035,11.15,100.4,5.96,0.196,0.1214649,5.951,0.888,5.85
"2012-10-19 20:00:00",1036,11.08,100,6.064,0.196,0.1215342,6.049,0.888,5.95
"2012-10-19 21:00:00",1037,10.98,99.4,6.161,0.196,0.1219331,6.158,0.889,6.047
"2012-10-19 22:00:00",1038,10.92,99,6.226,0.196,0.1222261,6.228,0.89,6.109
"2012-10-19 23:00:00",1039,10.86,98.6,6.29,0.195,0.1222813,6.276,0.895,6.163
"2012-10-20 00:00:00",1040,10.8,98.1,6.317,0.194,0.1213913,6.327,0.901,6.195
"2012-10-20 01:00:00",1041,10.78,98,6.326,0.192,0.1205949,6.327,0.909,6.208
"2012-10-20 02:00:00",1042,10.77,97.9,6.328,0.195,0.1219562,6.327,0.918,6.207
"2012-10-20 03:00:00",1043,10.67,97,6.308,0.19,0.118807,6.318,0.928,6.188
"2012-10-20 04:00:00",1044,10.65,96.7,6.269,0.188,0.1178504,6.272,0.929,6.144
"2012-10-20 05:00:00",1045,10.75,97.5,6.229,0.187,0.1169116,6.227,0.933,6.105
"2012-10-20 06:00:00",1046,10.78,97.6,6.184,0.186,0.1161967,6.198,0.935,6.063
"2012-10-20 07:00:00",1047,10.79,97.6,6.129,0.185,0.1150104,6.139,0.937,6.008
"2012-10-20 08:00:00",1048,10.8,97.6,6.095,0.184,0.1146923,6.091,0.943,5.97
"2012-10-20 09:00:00",1049,10.86,98,6.052,0.184,0.1142701,6.054,0.948,5.93
"2012-10-20 10:00:00",1050,10.93,98.6,6.026,0.183,0.1136947,6.033,0.955,5.908
"2012-10-20 11:00:00",1051,11.01,99.3,6.01,0.181,0.1121953,6.014,0.953,5.898
"2012-10-20 12:00:00",1052,11.1,100.1,6.003,0.176,0.1092641,6.001,0.953,5.89
"2012-10-20 13:00:00",1053,11.2,101.3,6.131,0.174,0.108044,6.127,0.948,6.025
"2012-10-20 14:00:00",1054,11.2,101.6,6.248,0.174,0.1083596,6.225,0.95,6.127
"2012-10-20 15:00:00",1055,11.22,101.9,6.277,0.174,0.1087602,6.288,0.949,6.164
"2012-10-20 16:00:00",1056,11.15,101.4,6.34,0.175,0.1093591,6.327,0.95,6.221
"2012-10-20 17:00:00",1057,11.14,101.1,6.251,0.176,0.1097729,6.259,0.95,6.127
"2012-10-20 18:00:00",1058,11.06,99.9,6.099,0.176,0.1096946,6.089,0.949,5.966
"2012-10-20 19:00:00",1059,10.99,98.9,5.938,0.177,0.1097558,5.946,0.949,5.823
"2012-10-20 20:00:00",1060,11.02,98.9,5.826,0.178,0.1098031,5.855,0.947,5.706
"2012-10-20 21:00:00",1061,11.04,98.7,5.667,0.179,0.1096513,5.691,0.947,5.553
"2012-10-20 22:00:00",1062,11.05,98.6,5.595,0.179,0.1096732,5.594,0.946,5.481
"2012-10-20 23:00:00",1063,11.06,98.4,5.491,0.18,0.1095694,5.482,0.946,5.377
"2012-10-21 00:00:00",1064,11.11,98.5,5.356,0.181,0.1097783,5.382,0.946,5.244
"2012-10-21 01:00:00",1065,11.14,98.4,5.213,0.182,0.1098459,5.201,0.945,5.1
"2012-10-21 02:00:00",1066,11.18,98.4,5.048,0.182,0.1095755,5.047,0.945,4.942
"2012-10-21 03:00:00",1067,11.22,98.4,4.915,0.183,0.1095506,4.928,0.945,4.807
"2012-10-21 04:00:00",1068,11.17,97.8,4.849,0.184,0.109736,4.86,0.945,4.751
"2012-10-21 05:00:00",1069,11.29,98.6,4.762,0.184,0.1097469,4.774,0.943,4.656
"2012-10-21 06:00:00",1070,11.32,98.6,4.681,0.185,0.1097687,4.687,0.945,4.578
"2012-10-21 07:00:00",1071,11.32,98.2,4.545,0.185,0.109398,4.562,0.944,4.44
"2012-10-21 08:00:00",1072,11.34,98.1,4.417,0.185,0.1088642,4.427,0.943,4.326
"2012-10-21 09:00:00",1073,11.41,98.8,4.457,0.185,0.1090058,4.485,0.945,4.361
"2012-10-21 10:00:00",1074,11.47,99.5,4.515,0.185,0.1091851,4.538,0.944,4.423
"2012-10-21 11:00:00",1075,11.57,100.8,4.675,0.185,0.1097763,4.69,0.943,4.588
"2012-10-21 12:00:00",1076,11.6,101.3,4.785,0.185,0.1102385,4.767,0.943,4.683
"2012-10-21 13:00:00",1077,11.69,102.3,4.844,0.185,0.1105754,4.873,0.942,4.757
"2012-10-21 14:00:00",1078,11.67,102.6,5.041,0.186,0.1114566,5.026,0.942,4.949
"2012-10-21 15:00:00",1079,11.69,103.4,5.236,0.186,0.1121987,5.206,0.941,5.136
"2012-10-21 16:00:00",1080,11.61,103,5.385,0.186,0.112894,5.384,0.94,5.279
"2012-10-21 17:00:00",1081,11.56,102.6,5.416,0.186,0.1130477,5.423,0.939,5.31
"2012-10-21 18:00:00",1082,11.52,102.2,5.405,0.186,0.1131596,5.424,0.938,5.29
"2012-10-21 19:00:00",1083,11.44,101.3,5.332,0.186,0.113124,5.343,0.937,5.22
"2012-10-21 20:00:00",1084,11.26,99.5,5.242,0.187,0.1129598,5.246,0.936,5.132
"2012-10-21 21:00:00",1085,11.22,98.9,5.141,0.187,0.1127517,5.159,0.934,5.03
"2012-10-21 22:00:00",1086,11.29,99.2,5.004,0.187,0.1124025,5.026,0.933,4.893
"2012-10-21 23:00:00",1087,11.16,97.7,4.86,0.188,0.1120618,4.838,0.933,4.749
"2012-10-22 00:00:00",1088,11.29,98.4,4.717,0.188,0.1116789,4.732,0.931,4.616
"2012-10-22 01:00:00",1089,11.32,98.4,4.565,0.188,0.1113728,4.578,0.931,4.464
"2012-10-22 02:00:00",1090,11.35,98.3,4.442,0.188,0.1109903,4.452,0.931,4.338
"2012-10-22 03:00:00",1091,11.4,98.3,4.29,0.189,0.1106519,4.289,0.928,4.167
"2012-10-22 04:00:00",1092,11.42,98.1,4.135,0.189,0.1101967,4.126,0.927,4.017
"2012-10-22 05:00:00",1093,11.46,98,3.96,0.19,0.1098514,3.939,0.927,3.838
"2012-10-22 06:00:00",1094,11.55,98.3,3.767,0.19,0.1094281,3.772,0.925,3.649
"2012-10-22 07:00:00",1095,11.59,98.2,3.612,0.19,0.1090138,3.618,0.924,3.499
"2012-10-22 08:00:00",1096,11.64,98.2,3.436,0.191,0.1085344,3.417,0.922,3.323
"2012-10-22 09:00:00",1097,11.79,99.1,3.325,0.191,0.1082633,3.31,0.923,3.214
"2012-10-22 10:00:00",1098,11.83,99.4,3.307,0.191,0.1082865,3.309,0.923,3.206
"2012-10-22 11:00:00",1099,11.88,100,3.378,0.191,0.108561,3.372,0.921,3.286
"2012-10-22 12:00:00",1100,12.02,101.5,3.505,0.192,0.1090603,3.466,0.92,3.413
"2012-10-22 13:00:00",1101,12.07,102.6,3.737,0.191,0.1099341,3.743,0.922,3.648
"2012-10-22 14:00:00",1102,12.09,103.4,3.964,0.191,0.1107269,3.96,0.922,3.869
"2012-10-22 15:00:00",1103,12.05,103.5,4.115,0.191,0.1112735,4.084,0.921,4.006
"2012-10-22 16:00:00",1104,11.88,102.2,4.212,0.191,0.111733,4.185,0.921,4.091
"2012-10-22 17:00:00",1105,11.71,100.7,4.19,0.191,0.1116857,4.19,0.921,4.073
"2012-10-22 18:00:00",1106,11.62,99.8,4.142,0.191,0.1115566,4.138,0.922,4.023
"2012-10-22 19:00:00",1107,11.56,98.8,3.915,0.191,0.1106067,3.892,0.921,3.789
"2012-10-22 20:00:00",1108,11.56,98.3,3.736,0.191,0.1097352,3.76,0.922,3.623
"2012-10-22 21:00:00",1109,11.56,98,3.628,0.191,0.109299,3.606,0.924,3.508
"2012-10-22 22:00:00",1110,11.63,97.8,3.354,0.19,0.1079814,3.366,0.924,3.241
"2012-10-22 23:00:00",1111,11.63,97.5,3.22,0.19,0.1072963,3.203,0.925,3.103
"2012-10-23 00:00:00",1112,11.66,97.2,3.042,0.19,0.1065793,3.069,0.925,2.929
"2012-10-23 01:00:00",1113,11.75,97.4,2.825,0.19,0.1056894,2.8,0.926,2.713
"2012-10-23 02:00:00",1114,11.77,97,2.579,0.19,0.1046936,2.58,0.928,2.475
"2012-10-23 03:00:00",1115,11.82,97,2.406,0.189,0.1039153,2.427,0.927,2.304
"2012-10-23 04:00:00",1116,11.9,97.2,2.275,0.189,0.1030802,2.282,0.926,2.175
"2012-10-23 05:00:00",1117,11.98,97.7,2.199,0.189,0.1027129,2.215,0.926,2.104
"2012-10-23 06:00:00",1118,12.01,97.9,2.175,0.188,0.1023674,2.158,0.927,2.079
"2012-10-23 07:00:00",1119,12.06,98.4,2.193,0.189,0.1024372,2.168,0.925,2.099
"2012-10-23 08:00:00",1120,12.06,98.5,2.244,0.188,0.1026049,2.234,0.924,2.149
"2012-10-23 09:00:00",1121,12.14,99.3,2.321,0.188,0.1028642,2.311,0.923,2.227
"2012-10-23 10:00:00",1122,12.1,99.4,2.453,0.188,0.1033612,2.445,0.921,2.367
"2012-10-23 11:00:00",1123,12.31,101.5,2.594,0.188,0.1037527,2.584,0.92,2.508
"2012-10-23 12:00:00",1124,12.34,102.2,2.759,0.188,0.1042935,2.746,0.919,2.66
"2012-10-23 13:00:00",1125,12.32,102.5,2.95,0.188,0.1049712,2.963,0.919,2.86
"2012-10-23 14:00:00",1126,12.3,103.1,3.196,0.188,0.1057793,3.191,0.918,3.101
"2012-10-23 15:00:00",1127,12.26,103.6,3.52,0.188,0.1069321,3.513,0.917,3.426
"2012-10-23 16:00:00",1128,12.2,103.7,3.761,0.188,0.1079021,3.754,0.916,3.659
"2012-10-23 17:00:00",1129,12.13,103.3,3.83,0.188,0.1082388,3.835,0.916,3.716
"2012-10-23 18:00:00",1130,12.01,102.2,3.789,0.188,0.1082804,3.783,0.915,3.673
"2012-10-23 19:00:00",1131,11.86,100.8,3.759,0.188,0.1082752,3.76,0.914,3.642
"2012-10-23 20:00:00",1132,11.81,100.3,3.711,0.189,0.1082317,3.702,0.914,3.599
"2012-10-23 21:00:00",1133,11.78,99.9,3.648,0.189,0.1081228,3.635,0.913,3.534
"2012-10-23 22:00:00",1134,11.76,99.4,3.535,0.189,0.10784,3.51,0.912,3.426
"2012-10-23 23:00:00",1135,11.75,99.2,3.467,0.189,0.1077204,3.443,0.911,3.353
"2012-10-24 00:00:00",1136,11.76,99,3.364,0.19,0.1074921,3.357,0.911,3.252
"2012-10-24 01:00:00",1137,11.79,98.9,3.253,0.19,0.1072314,3.232,0.91,3.144
"2012-10-24 02:00:00",1138,11.82,98.8,3.139,0.19,0.1068868,3.136,0.91,3.025
"2012-10-24 03:00:00",1139,11.86,98.9,3.022,0.19,0.1064954,3.022,0.909,2.918
"2012-10-24 04:00:00",1140,11.88,98.9,2.962,0.19,0.1062873,2.926,0.911,2.849
"2012-10-24 05:00:00",1141,11.89,98.8,2.889,0.19,0.1060283,2.848,0.911,2.776
"2012-10-24 06:00:00",1142,11.91,98.7,2.791,0.19,0.1056855,2.773,0.909,2.688
"2012-10-24 07:00:00",1143,11.94,98.8,2.737,0.19,0.1055262,2.73,0.909,2.635
"2012-10-24 08:00:00",1144,11.98,99,2.685,0.19,0.1053716,2.682,0.908,2.582
"2012-10-24 09:00:00",1145,12.07,99.6,2.642,0.19,0.1051582,2.628,0.908,2.544
"2012-10-24 10:00:00",1146,12.14,100.3,2.678,0.19,0.1052123,2.666,0.907,2.575
"2012-10-24 11:00:00",1147,12.29,101.8,2.762,0.19,0.1054718,2.733,0.906,2.668
"2012-10-24 12:00:00",1148,12.33,102.5,2.891,0.19,0.1057576,2.87,0.906,2.798
"2012-10-24 13:00:00",1149,12.38,103.4,3.095,0.19,0.1064017,3.057,0.906,3
"2012-10-24 14:00:00",1150,12.39,104.1,3.315,0.19,0.1071755,3.278,0.905,3.224
"2012-10-24 15:00:00",1151,12.37,104.6,3.564,0.189,0.1080164,3.539,0.905,3.472
"2012-10-24 16:00:00",1152,12.3,104.6,3.735,0.189,0.1086703,3.723,0.905,3.634
"2012-10-24 17:00:00",1153,12.27,104.4,3.782,0.189,0.1088541,3.766,0.905,3.668
"2012-10-24 18:00:00",1154,12.19,103.7,3.748,0.189,0.1088641,3.724,0.903,3.633
"2012-10-24 19:00:00",1155,12.05,102.2,3.683,0.19,0.1087522,3.659,0.903,3.569
"2012-10-24 20:00:00",1156,11.95,101.2,3.598,0.19,0.1085583,3.558,0.903,3.482
"2012-10-24 21:00:00",1157,11.88,100.2,3.454,0.19,0.1081991,3.443,0.902,3.342
"2012-10-24 22:00:00",1158,11.89,99.9,3.333,0.19,0.1078292,3.309,0.901,3.222
"2012-10-24 23:00:00",1159,11.91,99.7,3.198,0.19,0.1074377,3.222,0.901,3.092
"2012-10-25 00:00:00",1160,11.92,99.6,3.103,0.191,0.107177,3.107,0.9,2.994
"2012-10-25 01:00:00",1161,11.96,99.7,3.001,0.191,0.106946,3.003,0.899,2.897
"2012-10-25 02:00:00",1162,11.98,99.5,2.886,0.191,0.10663,2.868,0.898,2.771
"2012-10-25 03:00:00",1163,12.02,99.6,2.774,0.192,0.1063592,2.764,0.897,2.669
"2012-10-25 04:00:00",1164,12.06,99.6,2.679,0.192,0.1061422,2.668,0.897,2.561
"2012-10-25 05:00:00",1165,12.11,99.7,2.558,0.192,0.1058599,2.553,0.896,2.45
"2012-10-25 06:00:00",1166,12.14,99.7,2.486,0.197,0.1079247,2.447,0.896,2.383
"2012-10-25 07:00:00",1167,12.2,100,2.378,0.196,0.1072394,2.351,0.895,2.272
"2012-10-25 08:00:00",1168,12.18,99.5,2.272,0.196,0.1068481,2.284,0.893,2.177
"2012-10-25 09:00:00",1169,12.29,100.3,2.244,0.193,0.1051115,2.246,0.894,2.147
"2012-10-25 10:00:00",1170,12.41,101.4,2.274,0.193,0.1051407,2.245,0.895,2.183
"2012-10-25 11:00:00",1171,12.54,102.7,2.354,0.196,0.1072116,2.35,0.893,2.265
"2012-10-25 12:00:00",1172,12.57,103.2,2.45,0.196,0.1074811,2.455,0.893,2.356
"2012-10-25 13:00:00",1173,12.62,103.9,2.529,0.195,0.1075137,2.512,0.892,2.437
"2012-10-25 14:00:00",1174,12.64,104.6,2.742,0.196,0.1084287,2.727,0.892,2.652
"2012-10-25 15:00:00",1175,12.62,104.7,2.84,0.194,0.1079173,2.823,0.891,2.746
"2012-10-25 16:00:00",1176,12.63,105,2.895,0.195,0.1088305,2.918,0.891,2.802
"2012-10-25 17:00:00",1177,12.62,105,2.953,0.193,0.1076263,2.938,0.89,2.852
"2012-10-25 18:00:00",1178,12.53,104.3,2.962,0.193,0.1076116,2.934,0.89,2.853
"2012-10-25 19:00:00",1179,12.47,103.8,2.946,0.193,0.1076333,2.925,0.889,2.844
"2012-10-25 20:00:00",1180,12.35,102.7,2.914,0.193,0.1076592,2.925,0.889,2.804
"2012-10-25 21:00:00",1181,12.31,102.1,2.813,0.197,0.1094281,2.821,0.888,2.709
"2012-10-25 22:00:00",1182,12.23,101.2,2.736,0.194,0.1073155,2.706,0.887,2.631
"2012-10-25 23:00:00",1183,12.21,100.8,2.683,0.194,0.1070546,2.658,0.887,2.57
"2012-10-26 00:00:00",1184,12.2,100.6,2.587,0.193,0.106859,2.62,0.887,2.486
"2012-10-26 01:00:00",1185,12.22,100.4,2.486,0.197,0.108371,2.485,0.886,2.383
"2012-10-26 02:00:00",1186,12.25,100.5,2.4,0.194,0.1063158,2.39,0.886,2.3
"2012-10-26 03:00:00",1187,12.25,100.3,2.366,0.194,0.1062833,2.342,0.885,2.259
"2012-10-26 04:00:00",1188,12.26,100.3,2.322,0.194,0.1061638,2.332,0.885,2.215
"2012-10-26 05:00:00",1189,12.27,100.2,2.269,0.194,0.106077,2.284,0.884,2.161
"2012-10-26 06:00:00",1190,12.28,100.2,2.235,0.195,0.1059902,2.226,0.884,2.133
"2012-10-26 07:00:00",1191,12.29,100.2,2.198,0.195,0.1059902,2.198,0.883,2.102
"2012-10-26 08:00:00",1192,12.3,100.3,2.192,0.195,0.1060119,2.169,0.883,2.093
"2012-10-26 09:00:00",1193,12.32,100.5,2.206,0.195,0.1060879,2.217,0.882,2.112
"2012-10-26 10:00:00",1194,12.39,101.1,2.223,0.195,0.1061673,2.243,0.883,2.134
"2012-10-26 11:00:00",1195,12.46,101.8,2.275,0.195,0.1063414,2.254,0.883,2.188
"2012-10-26 12:00:00",1196,12.5,102.5,2.378,0.195,0.1067205,2.359,0.881,2.3
"2012-10-26 13:00:00",1197,12.56,103.4,2.58,0.195,0.1074715,2.574,0.881,2.505
"2012-10-26 14:00:00",1198,12.54,104,2.817,0.195,0.1083754,2.807,0.881,2.74
"2012-10-26 15:00:00",1199,12.57,104.7,2.986,0.194,0.1089682,3.021,0.881,2.892
"2012-10-26 16:00:00",1200,12.55,104.8,3.067,0.194,0.109062,3.06,0.882,2.965
"2012-10-26 17:00:00",1201,12.48,104.4,3.123,0.194,0.1092791,3.124,0.881,3.02
"2012-10-26 18:00:00",1202,12.39,103.7,3.168,0.194,0.1094292,3.147,0.88,3.061
"2012-10-26 19:00:00",1203,12.28,103,3.22,0.194,0.1096488,3.197,0.88,3.112
"2012-10-26 20:00:00",1204,12.18,102.2,3.27,0.195,0.1098669,3.226,0.879,3.157
"2012-10-26 21:00:00",1205,12.07,101.4,3.297,0.194,0.1099539,3.273,0.879,3.184
"2012-10-26 22:00:00",1206,11.99,100.7,3.305,0.194,0.1100623,3.302,0.88,3.2
"2012-10-26 23:00:00",1207,11.96,100.4,3.27,0.194,0.1099105,3.264,0.88,3.158
"2012-10-27 00:00:00",1208,11.92,99.9,3.213,0.194,0.1096379,3.188,0.881,3.105
"2012-10-27 01:00:00",1209,11.9,99.6,3.171,0.194,0.1095181,3.159,0.88,3.063
"2012-10-27 02:00:00",1210,11.91,99.5,3.098,0.194,0.1092782,3.111,0.88,2.992
"2012-10-27 03:00:00",1211,11.92,99.3,2.996,0.194,0.1088228,2.977,0.882,2.887
"2012-10-27 04:00:00",1212,11.93,99.1,2.889,0.194,0.1083015,2.852,0.882,2.779
"2012-10-27 05:00:00",1213,11.91,98.8,2.828,0.194,0.1080615,2.824,0.882,2.722
"2012-10-27 06:00:00",1214,11.94,98.9,2.782,0.194,0.1078663,2.785,0.882,2.675
"2012-10-27 07:00:00",1215,11.96,99,2.757,0.194,0.1077819,2.737,0.883,2.653
"2012-10-27 08:00:00",1216,11.98,99.1,2.733,0.194,0.1076947,2.7,0.882,2.628
"2012-10-27 09:00:00",1217,11.98,99.2,2.732,0.194,0.1076907,2.728,0.881,2.631
"2012-10-27 10:00:00",1218,12.03,99.6,2.762,0.194,0.1077977,2.775,0.882,2.664
"2012-10-27 11:00:00",1219,12.11,100.5,2.844,0.194,0.108037,2.823,0.881,2.759
"2012-10-27 12:00:00",1220,12.19,101.6,3.007,0.194,0.1085605,3,0.881,2.914
"2012-10-27 13:00:00",1221,12.26,102.6,3.156,0.194,0.108968,3.152,0.882,3.064
"2012-10-27 14:00:00",1222,12.34,103.6,3.276,0.193,0.1093445,3.268,0.88,3.173
"2012-10-27 15:00:00",1223,12.33,103.7,3.364,0.193,0.1096278,3.345,0.881,3.258
"2012-10-27 16:00:00",1224,12.3,103.7,3.437,0.193,0.1099113,3.422,0.882,3.337
"2012-10-27 17:00:00",1225,12.23,103.2,3.453,0.193,0.109815,3.444,0.882,3.348
"2012-10-27 18:00:00",1226,12.18,102.7,3.441,0.193,0.1097579,3.447,0.881,3.332
"2012-10-27 19:00:00",1227,12.06,101.7,3.425,0.193,0.1096815,3.418,0.881,3.311
"2012-10-27 20:00:00",1228,12.04,101.4,3.403,0.193,0.1096488,3.408,0.881,3.292
"2012-10-27 21:00:00",1229,11.96,100.6,3.36,0.193,0.1095725,3.341,0.881,3.251
"2012-10-27 22:00:00",1230,11.9,100,3.308,0.193,0.1094417,3.322,0.881,3.197
"2012-10-27 23:00:00",1231,11.88,99.7,3.265,0.193,0.1092891,3.264,0.88,3.156
"2012-10-28 00:00:00",1232,11.87,99.5,3.226,0.193,0.1091907,3.235,0.88,3.121
"2012-10-28 01:00:00",1233,11.85,99.3,3.185,0.194,0.1090276,3.149,0.88,3.074
"2012-10-28 02:00:00",1234,11.84,99.1,3.175,0.194,0.1090603,3.168,0.88,3.07
"2012-10-28 03:00:00",1235,11.82,98.9,3.14,0.194,0.1090167,3.12,0.881,3.027
"2012-10-28 04:00:00",1236,11.82,98.5,2.998,0.194,0.1085484,2.996,0.882,2.888
"2012-10-28 05:00:00",1237,11.82,98.2,2.907,0.194,0.1081675,2.919,0.883,2.798
"2012-10-28 06:00:00",1238,11.82,98.1,2.856,0.194,0.1079064,2.852,0.884,2.752
"2012-10-28 07:00:00",1239,11.84,98.2,2.811,0.194,0.1076454,2.813,0.885,2.71
"2012-10-28 08:00:00",1240,11.84,98.1,2.787,0.193,0.1075041,2.794,0.886,2.676
"2012-10-28 09:00:00",1241,11.9,98.6,2.788,0.193,0.1072976,2.813,0.887,2.689
"2012-10-28 10:00:00",1242,11.96,99.3,2.853,0.193,0.107428,2.861,0.888,2.752
"2012-10-28 11:00:00",1243,12.01,99.9,2.914,0.193,0.107602,2.909,0.887,2.816
"2012-10-28 12:00:00",1244,12.07,100.6,3.004,0.193,0.1078057,2.993,0.89,2.909
"2012-10-28 13:00:00",1245,12.15,101.6,3.146,0.192,0.108049,3.143,0.891,3.048
"2012-10-28 14:00:00",1246,12.13,101.9,3.298,0.192,0.1085822,3.306,0.892,3.205
"2012-10-28 15:00:00",1247,12.11,102.2,3.479,0.192,0.1093244,3.465,0.893,3.376
"2012-10-28 16:00:00",1248,12.12,102.6,3.577,0.192,0.1094871,3.55,0.894,3.471
"2012-10-28 17:00:00",1249,12.15,103,3.628,0.191,0.1095167,3.609,0.894,3.516
"2012-10-28 18:00:00",1250,12.13,102.8,3.638,0.192,0.1095951,3.613,0.895,3.531
"2012-10-28 19:00:00",1251,11.96,101.5,3.675,0.192,0.1099222,3.633,0.896,3.561
"2012-10-28 20:00:00",1252,11.88,100.9,3.707,0.192,0.110195,3.7,0.898,3.598
"2012-10-28 21:00:00",1253,11.81,100.4,3.756,0.192,0.1105466,3.768,0.899,3.646
"2012-10-28 22:00:00",1254,11.76,100.2,3.808,0.192,0.1107578,3.798,0.9,3.688
"2012-10-28 23:00:00",1255,11.7,99.7,3.817,0.192,0.1108906,3.81,0.902,3.708
"2012-10-29 00:00:00",1256,11.68,99.5,3.829,0.192,0.1108147,3.801,0.903,3.71
"2012-10-29 01:00:00",1257,11.67,99.4,3.812,0.192,0.1107751,3.791,0.905,3.704
"2012-10-29 02:00:00",1258,11.65,99.3,3.818,0.192,0.1106595,3.811,0.907,3.705
"2012-10-29 03:00:00",1259,11.65,99.3,3.83,0.192,0.1105937,3.82,0.909,3.715
"2012-10-29 04:00:00",1260,11.65,99.3,3.84,0.192,0.1106545,3.837,0.912,3.73
"2012-10-29 05:00:00",1261,11.62,99,3.858,0.192,0.1106276,3.865,0.915,3.74
"2012-10-29 06:00:00",1262,11.63,99.2,3.861,0.192,0.1106,3.866,0.917,3.747
"2012-10-29 07:00:00",1263,11.64,99.2,3.868,0.192,0.1106041,3.846,0.921,3.757
"2012-10-29 08:00:00",1264,11.62,99.1,3.88,0.191,0.1103151,3.864,0.928,3.764
"2012-10-29 09:00:00",1265,11.62,99.2,3.902,0.189,0.1094644,3.883,0.935,3.783
"2012-10-29 10:00:00",1266,11.65,99.5,3.929,0.188,0.1087672,3.911,0.942,3.813
