"TOA5","Nyack HA10 Sarg","CR1000","43362","CR1000.Std.22","CPU:Nyack_HA10_corrected 1hr.CR1","40296","Table1"
"TIMESTAMP","RECORD","DoConc4","DoSat4","DO_W_T4","Cond4","Ct4","Cond_W_T4","Lvl_m4","Lvl_W_T4"
"TS","RN","mg/L","%","oC","mS/cm","mS/cm","Deg C","meters","deg C"
"","","Smp","Smp","Smp","Smp","Smp","Smp","Smp","Smp"
"2011-12-16 15:00:00",0,4.852,39.18,6.475,0.239,0.1506822,6.471,2.048,6.401
"2011-12-16 16:00:00",1,4.923,39.74,6.468,0.239,0.1504627,6.422,2.048,6.394
"2011-12-16 17:00:00",2,4.801,38.75,6.469,0.239,0.1506242,6.452,2.048,6.398
"2011-12-16 18:00:00",3,4.818,38.9,6.467,0.24,0.1507407,6.423,2.048,6.394
"2011-12-16 19:00:00",4,4.864,39.26,6.467,0.24,0.1509677,6.443,2.048,6.392
"2011-12-16 20:00:00",5,4.885,39.43,6.466,0.24,0.1510879,6.435,2.048,6.391
"2011-12-16 21:00:00",6,4.842,39.08,6.463,0.24,0.1509723,6.454,2.048,6.388
"2011-12-16 22:00:00",7,4.851,39.15,6.463,0.24,0.1512041,6.446,2.048,6.384
"2011-12-16 23:00:00",8,4.824,38.93,6.459,0.24,0.1510883,6.468,2.048,6.381
"2011-12-17 00:00:00",9,4.799,38.73,6.459,0.24,0.1512041,6.458,2.048,6.381
"2011-12-17 01:00:00",10,4.865,39.26,6.45,0.24,0.15132,6.487,2.049,6.378
"2011-12-17 02:00:00",11,4.843,39.07,6.445,0.241,0.1515519,6.449,2.048,6.376
"2011-12-17 03:00:00",12,4.888,39.43,6.442,0.241,0.1516678,6.458,2.049,6.373
"2011-12-17 04:00:00",13,4.85,39.12,6.444,0.241,0.1514358,6.409,2.049,6.372
"2011-12-17 05:00:00",14,4.838,39.03,6.442,0.241,0.1515452,6.435,2.049,6.37
"2011-12-17 06:00:00",15,4.84,39.05,6.441,0.241,0.1516678,6.436,2.049,6.368
"2011-12-17 07:00:00",16,4.889,39.44,6.442,0.241,0.1515519,6.438,2.049,6.365
"2011-12-17 08:00:00",17,4.827,38.94,6.442,0.241,0.15132,6.458,2.049,6.364
"2011-12-17 09:00:00",18,4.854,39.15,6.436,0.241,0.15132,6.441,2.049,6.359
"2011-12-17 10:00:00",19,4.801,38.73,6.436,0.24,0.1510883,6.449,2.049,6.359
"2011-12-17 11:00:00",20,4.833,38.98,6.429,0.241,0.1512041,6.411,2.049,6.354
"2011-12-17 12:00:00",21,4.849,39.11,6.43,0.24,0.151061,6.443,2.049,6.353
"2011-12-17 13:00:00",22,4.752,38.32,6.425,0.241,0.151354,6.423,2.05,6.353
"2011-12-17 14:00:00",23,4.753,38.33,6.421,0.24,0.1511005,6.452,2.049,6.351
"2011-12-17 15:00:00",24,4.8,38.7,6.421,0.24,0.151087,6.433,2.05,6.348
"2011-12-17 16:00:00",25,4.786,38.58,6.419,0.24,0.1509836,6.412,2.05,6.345
"2011-12-17 17:00:00",26,4.774,38.49,6.417,0.24,0.1510224,6.422,2.051,6.341
"2011-12-17 18:00:00",27,4.75,38.29,6.417,0.24,0.1510296,6.403,2.05,6.341
"2011-12-17 19:00:00",28,4.807,38.76,6.417,0.241,0.1510296,6.374,2.051,6.338
"2011-12-17 20:00:00",29,4.776,38.5,6.416,0.24,0.1510296,6.442,2.049,6.331
"2011-12-17 21:00:00",30,4.774,38.49,6.416,0.24,0.1509138,6.432,2.051,6.33
"2011-12-17 22:00:00",31,4.821,38.85,6.405,0.24,0.1509138,6.413,2.051,6.324
"2011-12-17 23:00:00",32,4.8,38.68,6.405,0.24,0.1507871,6.393,2.052,6.326
"2011-12-18 00:00:00",33,4.826,38.89,6.397,0.24,0.1507869,6.364,2.052,6.321
"2011-12-18 01:00:00",34,4.787,38.58,6.396,0.24,0.1507978,6.354,2.052,6.322
"2011-12-18 02:00:00",35,4.765,38.39,6.392,0.24,0.1509264,6.403,2.052,6.32
"2011-12-18 03:00:00",36,4.756,38.32,6.394,0.24,0.1507407,6.371,2.051,6.318
"2011-12-18 04:00:00",37,4.762,38.37,6.393,0.24,0.1507407,6.4,2.05,6.314
"2011-12-18 05:00:00",38,4.745,38.23,6.392,0.241,0.1507407,6.333,2.05,6.312
"2011-12-18 06:00:00",39,4.749,38.26,6.389,0.24,0.1508566,6.38,2.05,6.31
"2011-12-18 07:00:00",40,4.729,38.1,6.387,0.24,0.1505727,6.364,2.051,6.307
"2011-12-18 08:00:00",41,4.729,38.09,6.383,0.24,0.1504584,6.374,2.051,6.306
"2011-12-18 09:00:00",42,4.772,38.43,6.376,0.24,0.1505686,6.374,2.051,6.305
"2011-12-18 10:00:00",43,4.753,38.28,6.372,0.24,0.1505665,6.393,2.051,6.301
"2011-12-18 11:00:00",44,4.746,38.22,6.368,0.24,0.1505665,6.335,2.05,6.299
"2011-12-18 12:00:00",45,4.688,37.75,6.371,0.24,0.1506823,6.384,2.051,6.297
"2011-12-18 13:00:00",46,4.703,37.87,6.37,0.241,0.1506823,6.325,2.05,6.297
"2011-12-18 14:00:00",47,4.688,37.75,6.369,0.24,0.1506823,6.345,2.05,6.294
"2011-12-18 15:00:00",48,4.704,37.88,6.367,0.24,0.1505665,6.364,2.05,6.293
"2011-12-18 16:00:00",49,4.699,37.84,6.366,0.24,0.1505665,6.374,2.05,6.289
"2011-12-18 17:00:00",50,4.686,37.74,6.367,0.24,0.1503351,6.345,2.05,6.288
"2011-12-18 18:00:00",51,4.686,37.72,6.363,0.24,0.1505033,6.316,2.05,6.285
"2011-12-18 19:00:00",52,4.708,37.89,6.35,0.24,0.1502769,6.327,2.049,6.282
"2011-12-18 20:00:00",53,4.702,37.84,6.347,0.24,0.1502759,6.355,2.05,6.28
"2011-12-18 21:00:00",54,4.703,37.85,6.345,0.24,0.1503932,6.299,2.049,6.277
"2011-12-18 22:00:00",55,4.714,37.93,6.346,0.239,0.1501617,6.36,2.05,6.275
"2011-12-18 23:00:00",56,4.638,37.32,6.345,0.24,0.1503933,6.38,2.05,6.273
"2011-12-19 00:00:00",57,4.682,37.68,6.344,0.24,0.1502775,6.362,2.049,6.27
"2011-12-19 01:00:00",58,4.661,37.51,6.342,0.24,0.1502775,6.362,2.049,6.266
"2011-12-19 02:00:00",59,4.67,37.58,6.34,0.24,0.1502775,6.353,2.049,6.263
"2011-12-19 03:00:00",60,4.707,37.87,6.333,0.24,0.150165,6.338,2.049,6.258
"2011-12-19 04:00:00",61,4.713,37.9,6.324,0.24,0.1502942,6.367,2.049,6.257
"2011-12-19 05:00:00",62,4.795,38.56,6.321,0.239,0.1500472,6.346,2.048,6.252
"2011-12-19 06:00:00",63,4.685,37.68,6.325,0.24,0.1501633,6.346,2.048,6.256
"2011-12-19 07:00:00",64,4.679,37.63,6.321,0.239,0.1501754,6.357,2.049,6.254
"2011-12-19 08:00:00",65,4.694,37.75,6.319,0.24,0.1501795,6.348,2.048,6.252
"2011-12-19 09:00:00",66,4.709,37.87,6.32,0.24,0.1501658,6.278,2.048,6.25
"2011-12-19 10:00:00",67,4.725,38,6.319,0.24,0.1500462,6.267,2.048,6.247
"2011-12-19 11:00:00",68,4.711,37.89,6.319,0.24,0.1501619,6.332,2.048,6.243
"2011-12-19 12:00:00",69,4.71,37.88,6.317,0.24,0.1500462,6.283,2.048,6.241
"2011-12-19 13:00:00",70,4.67,37.55,6.317,0.24,0.1501215,6.315,2.047,6.239
"2011-12-19 14:00:00",71,4.711,37.89,6.317,0.24,0.1501037,6.286,2.048,6.235
"2011-12-19 15:00:00",72,4.677,37.61,6.314,0.24,0.1499879,6.257,2.048,6.238
"2011-12-19 16:00:00",73,4.657,37.45,6.313,0.239,0.1499254,6.315,2.048,6.232
"2011-12-19 17:00:00",74,4.686,37.67,6.301,0.24,0.1500461,6.243,2.048,6.23
"2011-12-19 18:00:00",75,4.682,37.64,6.3,0.239,0.1498147,6.284,2.048,6.227
"2011-12-19 19:00:00",76,4.74,38.1,6.296,0.24,0.1498147,6.264,2.048,6.224
"2011-12-19 20:00:00",77,4.722,37.95,6.295,0.239,0.1496989,6.264,2.048,6.221
"2011-12-19 21:00:00",78,4.694,37.73,6.296,0.24,0.1498147,6.244,2.048,6.22
"2011-12-19 22:00:00",79,4.753,38.2,6.293,0.239,0.1496989,6.284,2.048,6.217
"2011-12-19 23:00:00",80,4.727,37.99,6.293,0.24,0.1498147,6.274,2.047,6.216
"2011-12-20 00:00:00",81,4.725,37.97,6.29,0.239,0.1495834,6.255,2.047,6.213
"2011-12-20 01:00:00",82,4.7,37.77,6.284,0.24,0.1496989,6.245,2.047,6.212
"2011-12-20 02:00:00",83,4.793,38.5,6.273,0.239,0.1495834,6.293,2.047,6.206
"2011-12-20 03:00:00",84,4.784,38.43,6.274,0.239,0.1496989,6.313,2.047,6.208
"2011-12-20 04:00:00",85,4.845,38.91,6.271,0.239,0.1495834,6.284,2.047,6.201
"2011-12-20 05:00:00",86,4.792,38.49,6.272,0.239,0.1496989,6.265,2.047,6.201
"2011-12-20 06:00:00",87,4.776,38.36,6.271,0.239,0.1495834,6.265,2.047,6.197
"2011-12-20 07:00:00",88,4.75,38.15,6.27,0.239,0.1495834,6.236,2.047,6.194
"2011-12-20 08:00:00",89,4.747,38.13,6.268,0.239,0.1495834,6.256,2.047,6.194
"2011-12-20 09:00:00",90,4.812,38.65,6.267,0.239,0.1495834,6.274,2.047,6.19
"2011-12-20 10:00:00",91,4.848,38.94,6.264,0.239,0.1492364,6.235,2.047,6.19
"2011-12-20 11:00:00",92,4.771,38.31,6.254,0.238,0.1492364,6.293,2.047,6.187
"2011-12-20 12:00:00",93,4.844,38.88,6.246,0.239,0.1493521,6.268,2.047,6.186
"2011-12-20 13:00:00",94,4.772,38.31,6.248,0.239,0.1492281,6.209,2.046,6.181
"2011-12-20 14:00:00",95,4.804,38.56,6.249,0.239,0.1492948,6.238,2.047,6.181
"2011-12-20 15:00:00",96,4.749,38.12,6.249,0.239,0.1492942,6.247,2.047,6.178
"2011-12-20 16:00:00",97,4.8,38.53,6.244,0.239,0.1493098,6.257,2.047,6.173
"2011-12-20 17:00:00",98,4.757,38.18,6.245,0.239,0.1492351,6.238,2.046,6.174
"2011-12-20 18:00:00",99,4.754,38.16,6.245,0.239,0.1493521,6.189,2.046,6.172
"2011-12-20 19:00:00",100,4.742,38.06,6.245,0.239,0.1492364,6.212,2.046,6.17
"2011-12-20 20:00:00",101,4.775,38.33,6.241,0.239,0.1490053,6.223,2.047,6.167
"2011-12-20 21:00:00",102,4.744,38.07,6.236,0.239,0.1491209,6.216,2.046,6.165
"2011-12-20 22:00:00",103,4.756,38.16,6.233,0.239,0.1491209,6.254,2.046,6.165
"2011-12-20 23:00:00",104,4.797,38.49,6.229,0.238,0.1490053,6.255,2.046,6.161
"2011-12-21 00:00:00",105,4.773,38.3,6.225,0.239,0.1489146,6.212,2.046,6.157
"2011-12-21 01:00:00",106,4.819,38.66,6.223,0.239,0.1490063,6.211,2.046,6.157
"2011-12-21 02:00:00",107,4.784,38.38,6.222,0.238,0.1487743,6.206,2.046,6.153
"2011-12-21 03:00:00",108,4.805,38.55,6.222,0.238,0.1487743,6.196,2.045,6.152
"2011-12-21 04:00:00",109,4.786,38.4,6.222,0.239,0.1487743,6.177,2.045,6.15
"2011-12-21 05:00:00",110,4.811,38.59,6.222,0.238,0.1487743,6.234,2.046,6.148
"2011-12-21 06:00:00",111,4.773,38.29,6.22,0.238,0.1488899,6.216,2.046,6.144
"2011-12-21 07:00:00",112,4.798,38.49,6.218,0.239,0.1487743,6.179,2.046,6.144
"2011-12-21 08:00:00",113,4.795,38.46,6.208,0.238,0.1486879,6.173,2.046,6.136
"2011-12-21 09:00:00",114,4.693,37.65,6.218,0.238,0.1487162,6.222,2.046,6.139
"2011-12-21 10:00:00",115,4.78,38.35,6.218,0.238,0.1487163,6.222,2.045,6.138
"2011-12-21 11:00:00",116,4.824,38.68,6.203,0.238,0.1485785,6.192,2.044,6.132
"2011-12-21 12:00:00",117,4.867,39.02,6.202,0.238,0.1485433,6.161,2.045,6.13
"2011-12-21 13:00:00",118,4.851,38.89,6.199,0.238,0.1485433,6.187,2.044,6.128
"2011-12-21 14:00:00",119,4.827,38.7,6.198,0.238,0.1485433,6.165,2.043,6.127
"2011-12-21 15:00:00",120,4.776,38.29,6.199,0.239,0.1486575,6.141,2.046,6.126
"2011-12-21 16:00:00",121,4.828,38.71,6.196,0.238,0.1485432,6.207,2.045,6.122
"2011-12-21 17:00:00",122,4.803,38.51,6.196,0.238,0.1484845,6.173,2.045,6.12
"2011-12-21 18:00:00",123,4.83,38.72,6.194,0.238,0.1484072,6.143,2.045,6.118
"2011-12-21 19:00:00",124,4.813,38.59,6.192,0.238,0.1484273,6.147,2.045,6.116
"2011-12-21 20:00:00",125,4.817,38.61,6.184,0.238,0.1481962,6.147,2.045,6.114
"2011-12-21 21:00:00",126,4.83,38.71,6.175,0.238,0.1484669,6.176,2.045,6.107
"2011-12-21 22:00:00",127,4.839,38.78,6.179,0.238,0.1481381,6.137,2.044,6.11
"2011-12-21 23:00:00",128,4.789,38.37,6.175,0.238,0.1482536,6.166,2.045,6.106
"2011-12-22 00:00:00",129,4.871,39.03,6.171,0.238,0.1481381,6.168,2.044,6.104
"2011-12-22 01:00:00",130,4.828,38.68,6.171,0.238,0.1481439,6.147,2.044,6.1
"2011-12-22 02:00:00",131,4.786,38.35,6.173,0.238,0.1480511,6.121,2.044,6.101
"2011-12-22 03:00:00",132,4.822,38.63,6.171,0.238,0.1482823,6.17,2.044,6.098
"2011-12-22 04:00:00",133,4.865,38.98,6.169,0.238,0.1480266,6.121,2.044,6.093
"2011-12-22 05:00:00",134,4.798,38.43,6.158,0.238,0.1480226,6.157,2.043,6.092
"2011-12-22 06:00:00",135,4.826,38.65,6.158,0.238,0.1480226,6.112,2.043,6.09
"2011-12-22 07:00:00",136,4.843,38.79,6.157,0.238,0.147907,6.137,2.043,6.089
"2011-12-22 08:00:00",137,4.857,38.9,6.155,0.237,0.1479055,6.147,2.043,6.088
"2011-12-22 09:00:00",138,4.882,39.09,6.148,0.237,0.1477347,6.167,2.043,6.082
"2011-12-22 10:00:00",139,4.772,38.22,6.149,0.237,0.1478498,6.157,2.043,6.081
"2011-12-22 11:00:00",140,4.827,38.65,6.147,0.237,0.1478498,6.128,2.042,6.08
"2011-12-22 12:00:00",141,4.786,38.33,6.148,0.238,0.1477925,6.105,2.042,6.075
"2011-12-22 13:00:00",142,4.767,38.17,6.147,0.237,0.1477686,6.115,2.043,6.071
"2011-12-22 14:00:00",143,4.846,38.8,6.146,0.237,0.1476201,6.173,2.043,6.067
"2011-12-22 15:00:00",144,4.869,38.99,6.142,0.237,0.147641,6.143,2.043,6.069
"2011-12-22 16:00:00",145,4.779,38.27,6.144,0.237,0.1475389,6.095,2.043,6.069
"2011-12-22 17:00:00",146,4.862,38.93,6.138,0.237,0.1473309,6.144,2.043,6.067
"2011-12-22 18:00:00",147,4.878,39.05,6.137,0.237,0.1474462,6.145,2.044,6.065
"2011-12-22 19:00:00",148,4.84,38.73,6.128,0.237,0.1475033,6.098,2.043,6.062
"2011-12-22 20:00:00",149,4.835,38.7,6.126,0.237,0.1472726,6.089,2.043,6.06
"2011-12-22 21:00:00",150,4.899,39.21,6.124,0.237,0.1472726,6.128,2.043,6.058
"2011-12-22 22:00:00",151,4.88,39.05,6.123,0.236,0.1470987,6.137,2.042,6.052
"2011-12-22 23:00:00",152,4.803,38.44,6.122,0.237,0.1474451,6.162,2.042,6.054
"2011-12-23 00:00:00",153,4.806,38.46,6.123,0.237,0.1473577,6.141,2.042,6.054
"2011-12-23 01:00:00",154,4.94,39.53,6.122,0.236,0.1471495,6.121,2.042,6.047
"2011-12-23 02:00:00",155,4.802,38.43,6.123,0.237,0.1471559,6.092,2.042,6.048
"2011-12-23 03:00:00",156,4.842,38.75,6.122,0.236,0.1471559,6.124,2.042,6.046
"2011-12-23 04:00:00",157,4.831,38.66,6.122,0.237,0.1471564,6.098,2.042,6.045
"2011-12-23 05:00:00",158,4.898,39.19,6.116,0.236,0.147047,6.118,2.041,6.04
"2011-12-23 06:00:00",159,4.829,38.64,6.112,0.236,0.1469536,6.071,2.041,6.042
"2011-12-23 07:00:00",160,4.843,38.74,6.11,0.236,0.1469735,6.105,2.042,6.036
"2011-12-23 08:00:00",161,4.848,38.78,6.104,0.236,0.1469821,6.076,2.041,6.03
"2011-12-23 09:00:00",162,4.849,38.79,6.105,0.236,0.1469809,6.095,2.04,6.032
"2011-12-23 10:00:00",163,4.825,38.59,6.101,0.236,0.1469546,6.075,2.04,6.032
"2011-12-23 11:00:00",164,4.841,38.72,6.098,0.236,0.1469251,6.125,2.039,6.026
"2011-12-23 12:00:00",165,4.837,38.68,6.098,0.236,0.1468154,6.07,2.039,6.025
"2011-12-23 13:00:00",166,4.825,38.59,6.098,0.236,0.1468712,6.114,2.04,6.023
"2011-12-23 14:00:00",167,4.774,38.18,6.098,0.236,0.1469546,6.105,2.04,6.022
"2011-12-23 15:00:00",168,4.8,38.38,6.095,0.236,0.1469281,6.069,2.04,6.019
"2011-12-23 16:00:00",169,4.847,38.75,6.086,0.236,0.1466977,6.06,2.04,6.017
"2011-12-23 17:00:00",170,4.815,38.49,6.081,0.237,0.1469281,6.044,2.039,6.012
"2011-12-23 18:00:00",171,4.806,38.42,6.082,0.236,0.1468156,6.095,2.039,6.013
"2011-12-23 19:00:00",172,4.789,38.28,6.079,0.236,0.1466988,6.095,2.039,6.011
"2011-12-23 20:00:00",173,4.85,38.77,6.074,0.236,0.1466983,6.114,2.039,6.009
"2011-12-23 21:00:00",174,4.903,39.19,6.075,0.236,0.1464673,6.037,2.039,6.005
"2011-12-23 22:00:00",175,4.879,38.99,6.073,0.236,0.1466977,6.026,2.039,6.003
"2011-12-23 23:00:00",176,4.822,38.54,6.074,0.236,0.1464673,6.074,2.038,6.001
"2011-12-24 00:00:00",177,4.868,38.91,6.072,0.235,0.1464673,6.101,2.038,5.997
"2011-12-24 01:00:00",178,4.857,38.81,6.072,0.236,0.1464673,6.093,2.038,5.996
"2011-12-24 02:00:00",179,4.848,38.73,6.062,0.236,0.1464673,6.035,2.039,5.994
"2011-12-24 03:00:00",180,4.899,39.13,6.054,0.236,0.1464673,6.014,2.039,5.991
"2011-12-24 04:00:00",181,4.919,39.3,6.052,0.236,0.1463522,6.07,2.039,5.983
"2011-12-24 05:00:00",182,4.889,39.05,6.05,0.236,0.1463522,6.012,2.039,5.984
"2011-12-24 06:00:00",183,4.921,39.31,6.05,0.236,0.1464673,6.011,2.038,5.984
"2011-12-24 07:00:00",184,4.887,39.04,6.049,0.236,0.1464673,6.05,2.039,5.981
"2011-12-24 08:00:00",185,4.905,39.18,6.049,0.235,0.146237,6.089,2.039,5.98
"2011-12-24 09:00:00",186,4.859,38.81,6.049,0.236,0.146237,5.992,2.038,5.979
"2011-12-24 10:00:00",187,4.831,38.59,6.049,0.236,0.1464673,6.041,2.038,5.977
"2011-12-24 11:00:00",188,4.844,38.69,6.05,0.236,0.1464673,6.08,2.039,5.974
"2011-12-24 12:00:00",189,4.879,38.97,6.046,0.235,0.1462368,6.056,2.038,5.971
"2011-12-24 13:00:00",190,4.884,39,6.041,0.236,0.146211,5.985,2.038,5.969
"2011-12-24 14:00:00",191,4.832,38.59,6.042,0.236,0.1461805,6.034,2.038,5.969
"2011-12-24 15:00:00",192,4.886,39.01,6.033,0.235,0.1459512,6.004,2.04,5.965
"2011-12-24 16:00:00",193,4.932,39.38,6.026,0.235,0.1461805,6.053,2.039,5.962
"2011-12-24 17:00:00",194,4.9,39.12,6.027,0.235,0.1460844,6.043,2.039,5.958
"2011-12-24 18:00:00",195,4.857,38.78,6.026,0.236,0.1461028,5.985,2.039,5.958
"2011-12-24 19:00:00",196,4.901,39.12,6.023,0.236,0.1461215,5.976,2.04,5.958
"2011-12-24 20:00:00",197,4.855,38.76,6.026,0.236,0.146236,5.989,2.039,5.956
"2011-12-24 21:00:00",198,4.87,38.87,6.024,0.236,0.1460066,5.992,2.039,5.952
"2011-12-24 22:00:00",199,4.855,38.75,6.023,0.236,0.1461218,5.991,2.04,5.949
"2011-12-24 23:00:00",200,4.874,38.91,6.023,0.236,0.1462369,5.993,2.04,5.944
"2011-12-25 00:00:00",201,4.801,38.33,6.023,0.236,0.1460066,5.982,2.04,5.947
"2011-12-25 01:00:00",202,4.807,38.37,6.021,0.236,0.1461218,6.012,2.041,5.945
"2011-12-25 02:00:00",203,4.825,38.51,6.014,0.236,0.1461218,6.021,2.041,5.942
"2011-12-25 03:00:00",204,4.951,39.51,6.006,0.235,0.1457765,6.011,2.042,5.938
"2011-12-25 04:00:00",205,4.887,39,6.008,0.235,0.1457765,5.973,2.042,5.936
"2011-12-25 05:00:00",206,4.843,38.64,6.005,0.235,0.1457878,5.978,2.041,5.933
"2011-12-25 06:00:00",207,4.867,38.83,6.001,0.235,0.1459211,6.008,2.042,5.931
"2011-12-25 07:00:00",208,4.919,39.25,6,0.235,0.1455778,5.979,2.042,5.93
"2011-12-25 08:00:00",209,4.972,39.66,5.998,0.235,0.1455748,5.959,2.042,5.923
"2011-12-25 09:00:00",210,4.869,38.85,6,0.236,0.1458048,5.949,2.042,5.924
"2011-12-25 10:00:00",211,4.89,39.01,6,0.235,0.1455553,5.959,2.042,5.924
"2011-12-25 11:00:00",212,4.889,38.99,5.986,0.236,0.1457766,5.935,2.043,5.918
"2011-12-25 12:00:00",213,4.979,39.7,5.981,0.235,0.1455465,5.943,2.043,5.916
"2011-12-25 13:00:00",214,4.968,39.61,5.979,0.235,0.1455012,5.985,2.043,5.914
"2011-12-25 14:00:00",215,4.961,39.55,5.977,0.235,0.1454902,5.937,2.042,5.911
"2011-12-25 15:00:00",216,4.98,39.71,5.977,0.235,0.145359,5.975,2.044,5.908
"2011-12-25 16:00:00",217,4.995,39.83,5.976,0.235,0.14549,5.966,2.044,5.906
"2011-12-25 17:00:00",218,4.968,39.61,5.975,0.235,0.145375,5.917,2.045,5.904
"2011-12-25 18:00:00",219,4.926,39.27,5.974,0.235,0.1453052,5.937,2.043,5.902
"2011-12-25 19:00:00",220,4.984,39.73,5.97,0.234,0.1452614,5.985,2.042,5.901
"2011-12-25 20:00:00",221,4.99,39.78,5.969,0.235,0.1453753,5.956,2.044,5.898
"2011-12-25 21:00:00",222,4.894,39.01,5.969,0.234,0.1453591,5.995,2.046,5.898
"2011-12-25 22:00:00",223,5.008,39.91,5.958,0.235,0.1452596,5.917,2.046,5.893
"2011-12-25 23:00:00",224,4.927,39.27,5.962,0.235,0.145375,5.975,2.045,5.893
"2011-12-26 00:00:00",225,4.937,39.34,5.951,0.235,0.1451451,5.946,2.045,5.888
"2011-12-26 01:00:00",226,4.977,39.65,5.951,0.235,0.1451451,5.917,2.044,5.889
"2011-12-26 02:00:00",227,4.994,39.79,5.951,0.235,0.1450303,5.917,2.045,5.885
"2011-12-26 03:00:00",228,4.996,39.81,5.951,0.235,0.1450377,5.917,2.043,5.882
"2011-12-26 04:00:00",229,5.028,40.06,5.951,0.234,0.1450307,5.956,2.045,5.881
"2011-12-26 05:00:00",230,4.996,39.81,5.951,0.234,0.1450837,5.946,2.044,5.879
"2011-12-26 06:00:00",231,5.072,40.41,5.942,0.235,0.1451918,5.946,2.045,5.872
"2011-12-26 07:00:00",232,5.018,39.97,5.94,0.235,0.1451688,5.898,2.044,5.872
"2011-12-26 08:00:00",233,4.958,39.49,5.933,0.235,0.1450853,5.918,2.043,5.868
"2011-12-26 09:00:00",234,5.037,40.11,5.934,0.235,0.1451451,5.911,2.044,5.87
"2011-12-26 10:00:00",235,5.044,40.16,5.925,0.235,0.1451112,5.885,2.043,5.857
"2011-12-26 11:00:00",236,5.071,40.38,5.928,0.234,0.1450516,5.931,2.043,5.864
"2011-12-26 12:00:00",237,4.989,39.73,5.928,0.235,0.1451112,5.937,2.044,5.863
"2011-12-26 13:00:00",238,5.059,40.29,5.927,0.234,0.1449844,5.966,2.043,5.86
"2011-12-26 14:00:00",239,5.011,39.9,5.927,0.235,0.145042,5.898,2.043,5.859
"2011-12-26 15:00:00",240,5.051,40.22,5.926,0.235,0.1450075,5.888,2.044,5.854
"2011-12-26 16:00:00",241,5.011,39.9,5.927,0.235,0.1449383,5.888,2.044,5.853
"2011-12-26 17:00:00",242,4.998,39.8,5.925,0.234,0.1449367,5.914,2.044,5.853
"2011-12-26 18:00:00",243,4.941,39.34,5.926,0.234,0.1450176,5.949,2.044,5.854
"2011-12-26 19:00:00",244,4.97,39.58,5.924,0.235,0.1450521,5.901,2.043,5.849
"2011-12-26 20:00:00",245,4.924,39.2,5.92,0.234,0.1450752,5.94,2.043,5.844
"2011-12-26 21:00:00",246,5.029,40.04,5.918,0.235,0.1448677,5.862,2.043,5.844
"2011-12-26 22:00:00",247,5.002,39.82,5.916,0.234,0.1447985,5.881,2.043,5.843
"2011-12-26 23:00:00",248,4.997,39.77,5.904,0.234,0.1448331,5.92,2.043,5.84
"2011-12-27 00:00:00",249,4.995,39.75,5.904,0.234,0.1448446,5.92,2.043,5.839
"2011-12-27 01:00:00",250,4.939,39.31,5.913,0.234,0.1448561,5.93,2.043,5.842
"2011-12-27 02:00:00",251,4.973,39.58,5.903,0.235,0.1448331,5.862,2.043,5.835
"2011-12-27 03:00:00",252,4.937,39.29,5.903,0.235,0.1448561,5.852,2.043,5.832
"2011-12-27 04:00:00",253,4.977,39.61,5.902,0.234,0.1447755,5.901,2.043,5.83
"2011-12-27 05:00:00",254,5.004,39.82,5.9,0.234,0.1447265,5.909,2.044,5.828
"2011-12-27 06:00:00",255,4.993,39.73,5.897,0.234,0.1447431,5.926,2.044,5.827
"2011-12-27 07:00:00",256,5.005,39.82,5.891,0.234,0.1447276,5.869,2.043,5.824
"2011-12-27 08:00:00",257,4.924,39.17,5.887,0.235,0.1448123,5.841,2.043,5.821
"2011-12-27 09:00:00",258,5.042,40.1,5.884,0.234,0.14469,5.904,2.042,5.819
"2011-12-27 10:00:00",259,4.878,38.8,5.886,0.234,0.1447743,5.905,2.042,5.817
"2011-12-27 11:00:00",260,5.004,39.8,5.878,0.235,0.1446522,5.841,2.043,5.816
"2011-12-27 12:00:00",261,4.972,39.54,5.876,0.234,0.1446042,5.888,2.042,5.812
"2011-12-27 13:00:00",262,5.001,39.77,5.875,0.234,0.1446388,5.898,2.042,5.812
"2011-12-27 14:00:00",263,4.843,38.51,5.878,0.234,0.144731,5.869,2.043,5.813
"2011-12-27 15:00:00",264,4.936,39.25,5.875,0.234,0.1446388,5.878,2.043,5.808
"2011-12-27 16:00:00",265,5,39.76,5.879,0.234,0.1445811,5.849,2.043,5.811
"2011-12-27 17:00:00",266,4.994,39.72,5.877,0.234,0.1446157,5.898,2.043,5.804
"2011-12-27 18:00:00",267,4.967,39.49,5.871,0.234,0.1446273,5.907,2.043,5.802
"2011-12-27 19:00:00",268,5.007,39.8,5.862,0.234,0.1444773,5.868,2.043,5.8
"2011-12-27 20:00:00",269,4.916,39.08,5.865,0.235,0.1446156,5.83,2.043,5.799
"2011-12-27 21:00:00",270,4.994,39.7,5.859,0.234,0.1445119,5.898,2.043,5.796
"2011-12-27 22:00:00",271,4.961,39.44,5.857,0.234,0.1444889,5.869,2.043,5.795
"2011-12-27 23:00:00",272,4.987,39.64,5.854,0.234,0.1444314,5.839,2.043,5.791
"2011-12-28 00:00:00",273,4.864,38.66,5.854,0.234,0.1445506,5.822,2.044,5.792
"2011-12-28 01:00:00",274,4.948,39.32,5.852,0.235,0.1445243,5.795,2.044,5.784
"2011-12-28 02:00:00",275,4.965,39.46,5.852,0.234,0.1444938,5.836,2.045,5.784
"2011-12-28 03:00:00",276,4.99,39.66,5.85,0.234,0.1443287,5.827,2.045,5.782
"2011-12-28 04:00:00",277,4.999,39.73,5.85,0.234,0.1444019,5.875,2.046,5.779
"2011-12-28 05:00:00",278,4.941,39.26,5.849,0.234,0.1444407,5.848,2.048,5.78
"2011-12-28 06:00:00",279,4.958,39.4,5.846,0.234,0.1444269,5.838,2.047,5.776
"2011-12-28 07:00:00",280,4.976,39.53,5.837,0.234,0.1442991,5.798,2.048,5.774
"2011-12-28 08:00:00",281,4.964,39.44,5.837,0.234,0.144294,5.827,2.047,5.775
"2011-12-28 09:00:00",282,4.968,39.47,5.832,0.234,0.1443025,5.823,2.048,5.771
"2011-12-28 10:00:00",283,4.987,39.62,5.832,0.234,0.1442012,5.84,2.048,5.769
"2011-12-28 11:00:00",284,4.998,39.7,5.828,0.234,0.1442702,5.84,2.049,5.765
"2011-12-28 12:00:00",285,5.001,39.72,5.827,0.233,0.1441436,5.869,2.05,5.765
"2011-12-28 13:00:00",286,5.023,39.9,5.829,0.233,0.144154,5.868,2.052,5.76
"2011-12-28 14:00:00",287,4.96,39.4,5.829,0.234,0.1441641,5.79,2.052,5.76
"2011-12-28 15:00:00",288,4.99,39.63,5.827,0.234,0.1441427,5.829,2.054,5.757
"2011-12-28 16:00:00",289,5.044,40.07,5.828,0.234,0.1440975,5.791,2.056,5.755
"2011-12-28 17:00:00",290,5.002,39.73,5.826,0.234,0.1440975,5.81,2.057,5.753
"2011-12-28 18:00:00",291,4.979,39.55,5.824,0.234,0.1440399,5.83,2.058,5.752
"2011-12-28 19:00:00",292,4.922,39.09,5.823,0.234,0.1440399,5.772,2.058,5.752
"2011-12-28 20:00:00",293,4.995,39.67,5.818,0.234,0.144063,5.83,2.059,5.747
"2011-12-28 21:00:00",294,5.023,39.88,5.812,0.234,0.1439364,5.791,2.06,5.745
"2011-12-28 22:00:00",295,4.982,39.56,5.81,0.233,0.1439594,5.83,2.063,5.747
"2011-12-28 23:00:00",296,4.969,39.45,5.808,0.233,0.1440169,5.839,2.067,5.742
"2011-12-29 00:00:00",297,5.007,39.74,5.803,0.234,0.1440169,5.781,2.071,5.736
"2011-12-29 01:00:00",298,5.029,39.92,5.805,0.234,0.1440744,5.791,2.076,5.736
"2011-12-29 02:00:00",299,5.042,40.02,5.802,0.234,0.1439853,5.772,2.079,5.734
"2011-12-29 03:00:00",300,5.067,40.21,5.793,0.234,0.1440745,5.801,2.085,5.725
"2011-12-29 04:00:00",301,5.079,40.31,5.794,0.234,0.1438559,5.791,2.088,5.73
"2011-12-29 05:00:00",302,5.011,39.77,5.792,0.234,0.1440976,5.742,2.089,5.726
"2011-12-29 06:00:00",303,4.979,39.51,5.79,0.233,0.1439134,5.83,2.093,5.726
"2011-12-29 07:00:00",304,5.016,39.8,5.787,0.233,0.1437979,5.82,2.093,5.725
"2011-12-29 08:00:00",305,5.013,39.77,5.782,0.233,0.1438159,5.81,2.095,5.724
"2011-12-29 09:00:00",306,5.024,39.86,5.78,0.234,0.1437523,5.742,2.096,5.72
"2011-12-29 10:00:00",307,5.013,39.77,5.78,0.234,0.1437407,5.772,2.095,5.719
"2011-12-29 11:00:00",308,5.03,39.91,5.78,0.234,0.1437177,5.752,2.097,5.716
"2011-12-29 12:00:00",309,5.016,39.79,5.779,0.233,0.1436947,5.772,2.097,5.713
"2011-12-29 13:00:00",310,5.093,40.41,5.778,0.234,0.1436593,5.732,2.098,5.71
"2011-12-29 14:00:00",311,4.947,39.25,5.779,0.234,0.1438097,5.791,2.099,5.712
"2011-12-29 15:00:00",312,5.018,39.81,5.777,0.233,0.143714,5.79,2.1,5.708
"2011-12-29 16:00:00",313,4.956,39.32,5.778,0.233,0.1436942,5.771,2.1,5.709
"2011-12-29 17:00:00",314,4.924,39.06,5.779,0.234,0.1438097,5.791,2.099,5.709
"2011-12-29 18:00:00",315,4.951,39.27,5.779,0.233,0.1436602,5.801,2.1,5.707
"2011-12-29 19:00:00",316,4.94,39.19,5.774,0.234,0.1436372,5.733,2.1,5.707
"2011-12-29 20:00:00",317,4.985,39.53,5.768,0.234,0.1436084,5.728,2.1,5.704
"2011-12-29 21:00:00",318,4.985,39.53,5.765,0.234,0.1435961,5.71,2.099,5.703
"2011-12-29 22:00:00",319,4.923,39.04,5.766,0.234,0.1437025,5.759,2.099,5.703
"2011-12-29 23:00:00",320,4.944,39.2,5.759,0.233,0.1435316,5.764,2.099,5.7
"2011-12-30 00:00:00",321,4.944,39.2,5.763,0.233,0.1435663,5.784,2.098,5.701
"2011-12-30 01:00:00",322,4.929,39.09,5.768,0.233,0.1436124,5.794,2.097,5.7
"2011-12-30 02:00:00",323,4.926,39.05,5.756,0.233,0.1436046,5.783,2.097,5.697
"2011-12-30 03:00:00",324,4.918,38.99,5.755,0.233,0.143585,5.753,2.096,5.695
"2011-12-30 04:00:00",325,4.979,39.47,5.756,0.233,0.1434891,5.783,2.096,5.692
"2011-12-30 05:00:00",326,4.926,39.05,5.755,0.233,0.1435067,5.772,2.095,5.693
"2011-12-30 06:00:00",327,4.962,39.34,5.754,0.233,0.1435029,5.763,2.095,5.69
"2011-12-30 07:00:00",328,4.973,39.42,5.755,0.233,0.1434761,5.753,2.095,5.692
"2011-12-30 08:00:00",329,4.902,38.86,5.752,0.233,0.1435155,5.732,2.094,5.692
"2011-12-30 09:00:00",330,4.838,38.36,5.754,0.233,0.1434582,5.771,2.094,5.689
"2011-12-30 10:00:00",331,5.007,39.69,5.752,0.233,0.1434951,5.73,2.093,5.688
"2011-12-30 11:00:00",332,5.002,39.65,5.753,0.233,0.1436262,5.769,2.093,5.686
"2011-12-30 12:00:00",333,5.008,39.7,5.752,0.233,0.1436797,5.768,2.092,5.683
"2011-12-30 13:00:00",334,5.027,39.85,5.751,0.233,0.1435812,5.773,2.092,5.682
"2011-12-30 14:00:00",335,4.941,39.17,5.752,0.234,0.1438214,5.694,2.091,5.679
"2011-12-30 15:00:00",336,4.957,39.29,5.743,0.234,0.1437753,5.762,2.09,5.679
"2011-12-30 16:00:00",337,4.971,39.4,5.742,0.234,0.1437638,5.733,2.09,5.676
"2011-12-30 17:00:00",338,5.09,40.33,5.733,0.233,0.1435061,5.763,2.09,5.673
"2011-12-30 18:00:00",339,5.052,40.03,5.733,0.234,0.1434205,5.689,2.089,5.673
"2011-12-30 19:00:00",340,5.08,40.25,5.731,0.233,0.1434639,5.759,2.088,5.671
"2011-12-30 20:00:00",341,5.031,39.86,5.73,0.233,0.1434593,5.721,2.086,5.668
"2011-12-30 21:00:00",342,5.051,40.02,5.731,0.234,0.1435152,5.729,2.086,5.672
"2011-12-30 22:00:00",343,5.07,40.17,5.73,0.233,0.1433428,5.721,2.086,5.668
"2011-12-30 23:00:00",344,5.055,40.05,5.729,0.233,0.1432545,5.74,2.085,5.664
"2011-12-31 00:00:00",345,5.165,40.92,5.728,0.233,0.1431391,5.698,2.085,5.664
"2011-12-31 01:00:00",346,5.032,39.86,5.728,0.233,0.1432992,5.765,2.084,5.653
"2011-12-31 02:00:00",347,5.062,40.11,5.73,0.233,0.1432582,5.729,2.084,5.66
"2011-12-31 03:00:00",348,5.072,40.19,5.729,0.233,0.143257,5.74,2.082,5.659
"2011-12-31 04:00:00",349,5.058,40.08,5.728,0.233,0.1432163,5.69,2.082,5.658
"2011-12-31 05:00:00",350,5.078,40.23,5.728,0.233,0.1431503,5.712,2.081,5.656
"2011-12-31 06:00:00",351,5.078,40.23,5.725,0.233,0.1431378,5.73,2.081,5.654
"2011-12-31 07:00:00",352,5.027,39.82,5.721,0.233,0.1431476,5.739,2.079,5.65
"2011-12-31 08:00:00",353,5.027,39.82,5.72,0.233,0.1431458,5.702,2.079,5.651
"2011-12-31 09:00:00",354,5.099,40.39,5.716,0.233,0.1431078,5.672,2.079,5.647
"2011-12-31 10:00:00",355,5.054,40.03,5.719,0.233,0.1430441,5.671,2.078,5.65
"2011-12-31 11:00:00",356,5.08,40.23,5.712,0.233,0.1431023,5.691,2.077,5.646
"2011-12-31 12:00:00",357,5.053,40.01,5.707,0.233,0.1430584,5.701,2.077,5.643
"2011-12-31 13:00:00",358,5.111,40.47,5.706,0.233,0.1430671,5.681,2.076,5.641
"2011-12-31 14:00:00",359,5.116,40.51,5.704,0.233,0.143,5.672,2.075,5.638
"2011-12-31 15:00:00",360,5.089,40.29,5.705,0.233,0.14308,5.662,2.076,5.638
"2011-12-31 16:00:00",361,5.111,40.47,5.704,0.233,0.1429981,5.691,2.075,5.635
"2011-12-31 17:00:00",362,5.105,40.42,5.703,0.233,0.1429616,5.675,2.075,5.634
"2011-12-31 18:00:00",363,5.121,40.55,5.703,0.233,0.1429222,5.707,2.074,5.632
"2011-12-31 19:00:00",364,5.114,40.48,5.696,0.233,0.1428303,5.697,2.073,5.631
"2011-12-31 20:00:00",365,5.084,40.25,5.695,0.233,0.1429797,5.658,2.073,5.63
"2011-12-31 21:00:00",366,5.051,39.99,5.694,0.233,0.1429596,5.678,2.073,5.628
"2011-12-31 22:00:00",367,5.045,39.93,5.692,0.233,0.1429777,5.7,2.072,5.626
"2011-12-31 23:00:00",368,5.044,39.92,5.688,0.233,0.1429661,5.642,2.072,5.625
"2012-01-01 00:00:00",369,5.079,40.2,5.688,0.233,0.1429431,5.71,2.071,5.625
"2012-01-01 01:00:00",370,5.062,40.06,5.681,0.233,0.1429431,5.72,2.071,5.621
"2012-01-01 02:00:00",371,5.055,40,5.68,0.233,0.1428857,5.681,2.07,5.621
"2012-01-01 03:00:00",372,5.078,40.18,5.68,0.233,0.1428857,5.71,2.07,5.619
"2012-01-01 04:00:00",373,5.037,39.86,5.681,0.233,0.1428396,5.652,2.07,5.616
"2012-01-01 05:00:00",374,5.087,40.26,5.68,0.233,0.1428281,5.7,2.069,5.614
"2012-01-01 06:00:00",375,5.078,40.18,5.68,0.233,0.1428511,5.661,2.069,5.613
"2012-01-01 07:00:00",376,5.084,40.23,5.679,0.233,0.1428167,5.671,2.068,5.613
"2012-01-01 08:00:00",377,5.053,39.98,5.679,0.233,0.1429086,5.623,2.068,5.611
"2012-01-01 09:00:00",378,5.056,40.01,5.676,0.233,0.1428742,5.632,2.068,5.61
"2012-01-01 10:00:00",379,5.095,40.31,5.673,0.233,0.1428511,5.7,2.067,5.607
"2012-01-01 11:00:00",380,5.059,40.02,5.669,0.233,0.1428857,5.652,2.067,5.606
"2012-01-01 12:00:00",381,5.097,40.32,5.669,0.233,0.1428033,5.649,2.067,5.605
"2012-01-01 13:00:00",382,5.037,39.84,5.667,0.233,0.1428764,5.678,2.066,5.603
"2012-01-01 14:00:00",383,5.065,40.06,5.659,0.233,0.1428764,5.687,2.064,5.602
"2012-01-01 15:00:00",384,5.049,39.93,5.656,0.233,0.1428903,5.705,2.065,5.599
"2012-01-01 16:00:00",385,5.041,39.87,5.656,0.233,0.1428533,5.629,2.065,5.596
"2012-01-01 17:00:00",386,5.062,40.03,5.657,0.233,0.1428303,5.697,2.065,5.594
"2012-01-01 18:00:00",387,5.07,40.1,5.655,0.233,0.1428303,5.668,2.065,5.594
"2012-01-01 19:00:00",388,5.105,40.37,5.656,0.233,0.1427826,5.673,2.064,5.592
"2012-01-01 20:00:00",389,5.067,40.07,5.655,0.233,0.142791,5.679,2.064,5.589
"2012-01-01 21:00:00",390,5.026,39.75,5.654,0.233,0.1427698,5.641,2.064,5.589
"2012-01-01 22:00:00",391,5.036,39.82,5.653,0.233,0.1428281,5.642,2.064,5.587
"2012-01-01 23:00:00",392,5.021,39.7,5.652,0.233,0.1427476,5.671,2.063,5.584
"2012-01-02 00:00:00",393,5.022,39.71,5.65,0.233,0.1427592,5.681,2.063,5.584
"2012-01-02 01:00:00",394,5.122,40.49,5.64,0.233,0.1426902,5.632,2.062,5.578
"2012-01-02 02:00:00",395,5.107,40.37,5.641,0.233,0.1426327,5.632,2.062,5.579
"2012-01-02 03:00:00",396,5.06,40,5.642,0.233,0.1427132,5.603,2.062,5.578
"2012-01-02 04:00:00",397,5.062,40.01,5.637,0.233,0.1426787,5.642,2.062,5.579
"2012-01-02 05:00:00",398,5.018,39.66,5.633,0.233,0.1427949,5.594,2.061,5.57
"2012-01-02 06:00:00",399,5.042,39.85,5.632,0.233,0.1427212,5.588,2.061,5.574
"2012-01-02 07:00:00",400,5.03,39.75,5.63,0.233,0.1427355,5.588,2.061,5.568
"2012-01-02 08:00:00",401,5.063,40.01,5.63,0.233,0.1426323,5.615,2.061,5.569
"2012-01-02 09:00:00",402,5.012,39.61,5.63,0.233,0.1426665,5.607,2.06,5.568
"2012-01-02 10:00:00",403,5.039,39.82,5.631,0.233,0.1426422,5.587,2.06,5.565
"2012-01-02 11:00:00",404,5.074,40.1,5.629,0.233,0.1425982,5.584,2.06,5.563
"2012-01-02 12:00:00",405,5.081,40.16,5.628,0.233,0.1425982,5.584,2.059,5.56
"2012-01-02 13:00:00",406,5.191,41.03,5.629,0.233,0.1425032,5.577,2.059,5.558
"2012-01-02 14:00:00",407,5.089,40.22,5.63,0.233,0.142589,5.639,2.057,5.56
"2012-01-02 15:00:00",408,5.055,39.95,5.627,0.233,0.1425996,5.658,2.059,5.56
"2012-01-02 16:00:00",409,5.073,40.09,5.627,0.233,0.1425544,5.6,2.059,5.556
"2012-01-02 17:00:00",410,5.102,40.31,5.62,0.233,0.1424395,5.581,2.059,5.551
"2012-01-02 18:00:00",411,4.983,39.37,5.621,0.233,0.1426954,5.602,2.058,5.554
"2012-01-02 19:00:00",412,4.95,39.11,5.621,0.233,0.1427923,5.622,2.058,5.552
"2012-01-02 20:00:00",413,5.017,39.63,5.612,0.233,0.1427096,5.622,2.057,5.55
"2012-01-02 21:00:00",414,4.988,39.4,5.612,0.233,0.142719,5.586,2.056,5.547
"2012-01-02 22:00:00",415,4.982,39.36,5.61,0.233,0.142704,5.639,2.056,5.548
"2012-01-02 23:00:00",416,5.002,39.51,5.608,0.234,0.1429062,5.594,2.058,5.545
"2012-01-03 00:00:00",417,5.002,39.5,5.606,0.234,0.1428305,5.575,2.056,5.542
"2012-01-03 01:00:00",418,4.991,39.42,5.607,0.233,0.1428671,5.646,2.054,5.542
"2012-01-03 02:00:00",419,4.995,39.45,5.604,0.234,0.1428555,5.568,2.057,5.536
"2012-01-03 03:00:00",420,5.017,39.63,5.605,0.233,0.1427521,5.597,2.057,5.537
"2012-01-03 04:00:00",421,5.044,39.83,5.602,0.233,0.1427062,5.607,2.058,5.533
"2012-01-03 05:00:00",422,4.979,39.32,5.6,0.233,0.1427751,5.587,2.056,5.533
"2012-01-03 06:00:00",423,5.044,39.83,5.6,0.233,0.1427176,5.636,2.056,5.533
"2012-01-03 07:00:00",424,4.993,39.43,5.597,0.233,0.142821,5.626,2.056,5.53
"2012-01-03 08:00:00",425,5.064,39.98,5.589,0.233,0.1426372,5.568,2.056,5.526
"2012-01-03 09:00:00",426,5.085,40.14,5.586,0.233,0.1426027,5.578,2.055,5.526
"2012-01-03 10:00:00",427,5.037,39.77,5.588,0.233,0.1426487,5.597,2.055,5.527
"2012-01-03 11:00:00",428,5.025,39.66,5.581,0.234,0.1426717,5.539,2.055,5.522
"2012-01-03 12:00:00",429,5.061,39.95,5.581,0.233,0.1425448,5.635,2.055,5.516
"2012-01-03 13:00:00",430,5.066,39.98,5.581,0.233,0.1424647,5.587,2.055,5.514
"2012-01-03 14:00:00",431,5.127,40.47,5.579,0.233,0.1424046,5.577,2.054,5.512
"2012-01-03 15:00:00",432,5.142,40.58,5.577,0.233,0.1422828,5.597,2.056,5.51
"2012-01-03 16:00:00",433,5.154,40.68,5.575,0.233,0.1423143,5.548,2.055,5.509
"2012-01-03 17:00:00",434,5.164,40.75,5.568,0.233,0.1422457,5.587,2.056,5.506
"2012-01-03 18:00:00",435,5.202,41.04,5.563,0.233,0.1421547,5.539,2.056,5.503
"2012-01-03 19:00:00",436,5.098,40.22,5.565,0.233,0.1422925,5.539,2.056,5.502
"2012-01-03 20:00:00",437,5.171,40.79,5.559,0.233,0.1422203,5.53,2.055,5.5
"2012-01-03 21:00:00",438,5.13,40.47,5.557,0.233,0.1421137,5.521,2.056,5.5
"2012-01-03 22:00:00",439,5.098,40.22,5.557,0.232,0.1422581,5.597,2.056,5.498
"2012-01-03 23:00:00",440,5.132,40.48,5.556,0.232,0.1420607,5.589,2.056,5.494
"2012-01-04 00:00:00",441,5.177,40.83,5.556,0.233,0.1420978,5.524,2.055,5.492
"2012-01-04 01:00:00",442,5.176,40.83,5.555,0.232,0.141953,5.573,2.055,5.489
"2012-01-04 02:00:00",443,5.144,40.57,5.555,0.233,0.1421262,5.532,2.055,5.49
"2012-01-04 03:00:00",444,5.182,40.87,5.553,0.233,0.1421089,5.549,2.056,5.486
"2012-01-04 04:00:00",445,5.131,40.47,5.552,0.232,0.1418908,5.52,2.055,5.484
"2012-01-04 05:00:00",446,5.128,40.44,5.544,0.233,0.1419713,5.51,2.055,5.484
"2012-01-04 06:00:00",447,5.154,40.64,5.543,0.232,0.1419023,5.52,2.055,5.479
"2012-01-04 07:00:00",448,5.175,40.8,5.538,0.233,0.1419482,5.52,2.055,5.479
"2012-01-04 08:00:00",449,5.178,40.83,5.535,0.232,0.1418378,5.559,2.055,5.477
"2012-01-04 09:00:00",450,5.14,40.53,5.535,0.233,0.1419963,5.514,2.056,5.475
"2012-01-04 10:00:00",451,5.103,40.23,5.533,0.232,0.1420039,5.563,2.053,5.472
"2012-01-04 11:00:00",452,5.146,40.57,5.534,0.232,0.1419137,5.52,2.054,5.471
"2012-01-04 12:00:00",453,5.202,41.01,5.533,0.232,0.141925,5.529,2.055,5.47
"2012-01-04 13:00:00",454,5.165,40.72,5.533,0.232,0.1419187,5.547,2.055,5.467
"2012-01-04 14:00:00",455,5.13,40.45,5.533,0.233,0.1419382,5.51,2.054,5.468
"2012-01-04 15:00:00",456,5.101,40.21,5.532,0.233,0.1419965,5.478,2.056,5.467
"2012-01-04 16:00:00",457,5.162,40.69,5.529,0.232,0.1419348,5.556,2.056,5.461
"2012-01-04 17:00:00",458,5.187,40.89,5.528,0.232,0.1418678,5.549,2.056,5.462
"2012-01-04 18:00:00",459,5.095,40.16,5.528,0.233,0.1419366,5.52,2.055,5.458
"2012-01-04 19:00:00",460,5.122,40.37,5.527,0.233,0.1419168,5.493,2.054,5.456
"2012-01-04 20:00:00",461,5.1,40.19,5.522,0.232,0.1418691,5.513,2.055,5.455
"2012-01-04 21:00:00",462,5.124,40.38,5.526,0.232,0.1418784,5.522,2.054,5.456
"2012-01-04 22:00:00",463,5.143,40.52,5.516,0.233,0.1418679,5.471,2.053,5.448
"2012-01-04 23:00:00",464,5.156,40.63,5.514,0.232,0.1418219,5.539,2.055,5.451
"2012-01-05 00:00:00",465,5.179,40.8,5.509,0.232,0.1418125,5.519,2.053,5.447
"2012-01-05 01:00:00",466,5.093,40.12,5.509,0.233,0.1418818,5.478,2.054,5.442
"2012-01-05 02:00:00",467,5.095,40.14,5.507,0.233,0.1418989,5.468,2.055,5.442
"2012-01-05 03:00:00",468,5.189,40.88,5.506,0.232,0.1417345,5.484,2.056,5.44
"2012-01-05 04:00:00",469,5.183,40.83,5.505,0.233,0.1417155,5.474,2.055,5.435
"2012-01-05 05:00:00",470,5.164,40.68,5.502,0.232,0.1416982,5.507,2.055,5.435
"2012-01-05 06:00:00",471,5.171,40.72,5.496,0.232,0.1416752,5.516,2.059,5.433
"2012-01-05 07:00:00",472,5.188,40.85,5.491,0.232,0.1416179,5.468,2.059,5.429
"2012-01-05 08:00:00",473,5.159,40.62,5.488,0.232,0.1416815,5.506,2.061,5.429
"2012-01-05 09:00:00",474,5.18,40.78,5.484,0.232,0.1416727,5.51,2.064,5.424
"2012-01-05 10:00:00",475,5.19,40.86,5.484,0.232,0.1416383,5.461,2.067,5.426
"2012-01-05 11:00:00",476,5.153,40.58,5.486,0.232,0.1416841,5.51,2.067,5.424
"2012-01-05 12:00:00",477,5.245,41.3,5.482,0.232,0.1415465,5.452,2.069,5.421
"2012-01-05 13:00:00",478,5.201,40.95,5.483,0.232,0.1415924,5.452,2.071,5.419
"2012-01-05 14:00:00",479,5.144,40.5,5.482,0.232,0.1416497,5.51,2.072,5.418
"2012-01-05 15:00:00",480,5.142,40.48,5.481,0.232,0.1416122,5.49,2.073,5.416
"2012-01-05 16:00:00",481,5.145,40.51,5.481,0.232,0.1415694,5.471,2.073,5.414
"2012-01-05 17:00:00",482,5.177,40.75,5.475,0.232,0.1415006,5.49,2.073,5.411
"2012-01-05 18:00:00",483,5.25,41.32,5.468,0.232,0.1413686,5.435,2.073,5.41
"2012-01-05 19:00:00",484,5.217,41.06,5.468,0.232,0.1413654,5.472,2.073,5.408
"2012-01-05 20:00:00",485,5.137,40.43,5.471,0.232,0.1414669,5.481,2.073,5.408
"2012-01-05 21:00:00",486,5.129,40.36,5.467,0.232,0.1414475,5.492,2.074,5.408
"2012-01-05 22:00:00",487,5.184,40.8,5.466,0.232,0.1414188,5.463,2.073,5.406
"2012-01-05 23:00:00",488,5.16,40.61,5.462,0.232,0.1414056,5.424,2.073,5.403
"2012-01-06 00:00:00",489,5.203,40.94,5.459,0.232,0.1412992,5.484,2.072,5.4
"2012-01-06 01:00:00",490,5.249,41.3,5.456,0.232,0.1412393,5.457,2.073,5.401
"2012-01-06 02:00:00",491,5.202,40.93,5.458,0.232,0.1412892,5.488,2.074,5.398
"2012-01-06 03:00:00",492,5.178,40.74,5.459,0.232,0.1413221,5.488,2.073,5.396
"2012-01-06 04:00:00",493,5.159,40.59,5.458,0.232,0.1412906,5.401,2.072,5.395
"2012-01-06 05:00:00",494,5.177,40.74,5.458,0.232,0.141246,5.44,2.072,5.392
"2012-01-06 06:00:00",495,5.241,41.24,5.455,0.232,0.1411609,5.48,2.071,5.391
"2012-01-06 07:00:00",496,5.206,40.96,5.457,0.232,0.1412112,5.406,2.071,5.389
"2012-01-06 08:00:00",497,5.166,40.65,5.453,0.232,0.1410851,5.464,2.071,5.388
"2012-01-06 09:00:00",498,5.183,40.77,5.452,0.232,0.1410506,5.426,2.07,5.388
"2012-01-06 10:00:00",499,5.17,40.67,5.446,0.232,0.1410855,5.426,2.068,5.385
"2012-01-06 11:00:00",500,5.161,40.6,5.447,0.232,0.141108,5.426,2.069,5.383
"2012-01-06 12:00:00",501,5.114,40.22,5.443,0.232,0.1412987,5.429,2.069,5.381
"2012-01-06 13:00:00",502,5.171,40.67,5.439,0.232,0.1412076,5.42,2.068,5.378
"2012-01-06 14:00:00",503,5.136,40.4,5.439,0.232,0.1411185,5.456,2.069,5.379
"2012-01-06 15:00:00",504,5.163,40.6,5.437,0.232,0.1411525,5.408,2.069,5.378
"2012-01-06 16:00:00",505,5.202,40.91,5.436,0.232,0.1410837,5.467,2.068,5.376
"2012-01-06 17:00:00",506,5.253,41.3,5.434,0.232,0.1409355,5.421,2.068,5.375
"2012-01-06 18:00:00",507,5.175,40.69,5.433,0.232,0.1410234,5.448,2.068,5.371
"2012-01-06 19:00:00",508,5.224,41.08,5.433,0.232,0.1409568,5.413,2.067,5.371
"2012-01-06 20:00:00",509,5.185,40.77,5.433,0.232,0.1410073,5.405,2.067,5.372
"2012-01-06 21:00:00",510,5.232,41.14,5.433,0.232,0.1409553,5.435,2.066,5.367
"2012-01-06 22:00:00",511,5.207,40.94,5.433,0.232,0.1408963,5.385,2.066,5.366
"2012-01-06 23:00:00",512,5.201,40.89,5.433,0.231,0.1409113,5.454,2.066,5.366
"2012-01-07 00:00:00",513,5.205,40.93,5.433,0.232,0.1409016,5.397,2.066,5.363
"2012-01-07 01:00:00",514,5.124,40.29,5.433,0.231,0.1409474,5.464,2.065,5.363
"2012-01-07 02:00:00",515,5.196,40.85,5.423,0.232,0.1408786,5.406,2.065,5.355
"2012-01-07 03:00:00",516,5.14,40.41,5.428,0.232,0.1409474,5.406,2.064,5.36
"2012-01-07 04:00:00",517,5.134,40.37,5.426,0.232,0.1409245,5.406,2.064,5.359
"2012-01-07 05:00:00",518,5.183,40.75,5.422,0.231,0.1408443,5.435,2.064,5.358
"2012-01-07 06:00:00",519,5.131,40.34,5.426,0.231,0.1408328,5.445,2.064,5.36
"2012-01-07 07:00:00",520,5.131,40.34,5.421,0.232,0.1409704,5.416,2.063,5.353
"2012-01-07 08:00:00",521,5.053,39.72,5.419,0.232,0.1409704,5.435,2.063,5.355
"2012-01-07 09:00:00",522,5.183,40.74,5.414,0.232,0.140936,5.416,2.062,5.35
"2012-01-07 10:00:00",523,5.149,40.47,5.413,0.232,0.1408557,5.377,2.062,5.349
"2012-01-07 11:00:00",524,5.159,40.54,5.409,0.232,0.1408747,5.367,2.062,5.345
"2012-01-07 12:00:00",525,5.149,40.46,5.41,0.232,0.1409465,5.384,2.061,5.349
"2012-01-07 13:00:00",526,5.165,40.59,5.408,0.232,0.1410006,5.371,2.062,5.346
"2012-01-07 14:00:00",527,5.157,40.52,5.407,0.232,0.1408645,5.352,2.061,5.344
"2012-01-07 15:00:00",528,5.142,40.41,5.408,0.232,0.1409778,5.371,2.061,5.343
"2012-01-07 16:00:00",529,5.118,40.21,5.407,0.232,0.1409776,5.381,2.06,5.34
"2012-01-07 17:00:00",530,5.158,40.53,5.405,0.232,0.1409546,5.342,2.06,5.339
"2012-01-07 18:00:00",531,5.12,40.23,5.406,0.232,0.1409135,5.43,2.06,5.338
"2012-01-07 19:00:00",532,5.133,40.33,5.405,0.232,0.1409456,5.43,2.06,5.337
"2012-01-07 20:00:00",533,5.173,40.63,5.392,0.232,0.1408561,5.401,2.06,5.333
"2012-01-07 21:00:00",534,5.161,40.54,5.392,0.232,0.140913,5.365,2.059,5.332
"2012-01-07 22:00:00",535,5.191,40.77,5.386,0.231,0.1408302,5.425,2.059,5.331
"2012-01-07 23:00:00",536,5.167,40.58,5.385,0.232,0.1408213,5.406,2.059,5.33
"2012-01-08 00:00:00",537,5.133,40.31,5.386,0.232,0.1408671,5.406,2.059,5.329
"2012-01-08 01:00:00",538,5.161,40.53,5.384,0.231,0.1407411,5.416,2.058,5.325
"2012-01-08 02:00:00",539,5.125,40.25,5.385,0.232,0.1408901,5.358,2.058,5.327
"2012-01-08 03:00:00",540,5.16,40.52,5.384,0.232,0.1407984,5.339,2.058,5.323
"2012-01-08 04:00:00",541,5.175,40.64,5.384,0.232,0.140764,5.339,2.058,5.321
"2012-01-08 05:00:00",542,5.15,40.44,5.384,0.232,0.1408443,5.406,2.059,5.32
"2012-01-08 06:00:00",543,5.112,40.14,5.383,0.232,0.1408443,5.397,2.057,5.317
"2012-01-08 07:00:00",544,5.216,40.96,5.379,0.232,0.1406952,5.368,2.058,5.317
"2012-01-08 08:00:00",545,5.1,40.04,5.379,0.232,0.1408098,5.368,2.057,5.315
"2012-01-08 09:00:00",546,5.161,40.52,5.374,0.231,0.1407754,5.406,2.057,5.311
"2012-01-08 10:00:00",547,5.181,40.68,5.373,0.231,0.1406379,5.397,2.057,5.31
"2012-01-08 11:00:00",548,5.13,40.27,5.37,0.232,0.1407054,5.374,2.057,5.307
"2012-01-08 12:00:00",549,5.221,40.98,5.367,0.232,0.1405878,5.323,2.056,5.309
"2012-01-08 13:00:00",550,5.158,40.49,5.363,0.231,0.1406574,5.391,2.056,5.305
"2012-01-08 14:00:00",551,5.218,40.95,5.361,0.232,0.1405764,5.332,2.056,5.303
"2012-01-08 15:00:00",552,5.198,40.8,5.361,0.231,0.1405615,5.4,2.056,5.303
"2012-01-08 16:00:00",553,5.196,40.78,5.359,0.231,0.1404366,5.35,2.056,5.299
"2012-01-08 17:00:00",554,5.213,40.91,5.359,0.232,0.1404735,5.333,2.056,5.299
"2012-01-08 18:00:00",555,5.131,40.27,5.358,0.231,0.1404853,5.381,2.056,5.296
"2012-01-08 19:00:00",556,5.16,40.5,5.357,0.232,0.1405246,5.333,2.055,5.295
"2012-01-08 20:00:00",557,5.161,40.5,5.356,0.231,0.1405429,5.381,2.055,5.292
"2012-01-08 21:00:00",558,5.165,40.53,5.357,0.231,0.1405547,5.381,2.055,5.293
"2012-01-08 22:00:00",559,5.136,40.3,5.355,0.231,0.1405603,5.38,2.055,5.289
"2012-01-08 23:00:00",560,5.043,39.58,5.357,0.232,0.1405877,5.313,2.055,5.288
"2012-01-09 00:00:00",561,5.161,40.51,5.356,0.231,0.1405155,5.371,2.055,5.289
"2012-01-09 01:00:00",562,5.188,40.71,5.353,0.231,0.1405244,5.381,2.054,5.287
"2012-01-09 02:00:00",563,5.209,40.87,5.346,0.231,0.1403849,5.372,2.055,5.282
"2012-01-09 03:00:00",564,5.18,40.64,5.339,0.231,0.1404608,5.343,2.054,5.284
"2012-01-09 04:00:00",565,5.162,40.49,5.338,0.232,0.1404747,5.324,2.054,5.282
"2012-01-09 05:00:00",566,5.219,40.93,5.336,0.231,0.1403946,5.323,2.055,5.28
"2012-01-09 06:00:00",567,5.206,40.83,5.334,0.231,0.1403533,5.355,2.054,5.277
"2012-01-09 07:00:00",568,5.223,40.96,5.333,0.231,0.1403361,5.313,2.054,5.274
"2012-01-09 08:00:00",569,5.187,40.68,5.334,0.231,0.1403966,5.371,2.054,5.275
"2012-01-09 09:00:00",570,5.218,40.92,5.335,0.231,0.1402875,5.352,2.054,5.272
"2012-01-09 10:00:00",571,5.166,40.52,5.334,0.232,0.140485,5.304,2.054,5.273
"2012-01-09 11:00:00",572,5.155,40.43,5.333,0.231,0.1403331,5.328,2.054,5.272
"2012-01-09 12:00:00",573,5.16,40.47,5.332,0.232,0.1404347,5.297,2.055,5.271
"2012-01-09 13:00:00",574,5.2,40.78,5.333,0.232,0.1403533,5.306,2.056,5.266
"2012-01-09 14:00:00",575,5.208,40.85,5.331,0.231,0.1402803,5.336,2.052,5.264
"2012-01-09 15:00:00",576,5.26,41.25,5.327,0.231,0.140194,5.326,2.053,5.264
"2012-01-09 16:00:00",577,5.211,40.85,5.321,0.231,0.140217,5.355,2.055,5.26
"2012-01-09 17:00:00",578,5.183,40.64,5.324,0.231,0.1403315,5.316,2.054,5.259
"2012-01-09 18:00:00",579,5.244,41.11,5.318,0.231,0.1401495,5.288,2.054,5.256
"2012-01-09 19:00:00",580,5.273,41.33,5.316,0.231,0.1400853,5.304,2.053,5.255
"2012-01-09 20:00:00",581,5.218,40.91,5.316,0.231,0.1402102,5.304,2.053,5.253
"2012-01-09 21:00:00",582,5.154,40.4,5.316,0.232,0.140282,5.274,2.053,5.254
"2012-01-09 22:00:00",583,5.169,40.52,5.314,0.232,0.1404309,5.294,2.053,5.251
"2012-01-09 23:00:00",584,5.155,40.4,5.31,0.232,0.1404059,5.314,2.053,5.252
"2012-01-10 00:00:00",585,5.179,40.59,5.31,0.232,0.1403474,5.265,2.053,5.247
"2012-01-10 01:00:00",586,5.215,40.88,5.31,0.232,0.1403362,5.284,2.053,5.245
"2012-01-10 02:00:00",587,5.181,40.61,5.308,0.231,0.1403483,5.343,2.054,5.245
"2012-01-10 03:00:00",588,5.21,40.83,5.307,0.232,0.1403712,5.265,2.054,5.243
"2012-01-10 04:00:00",589,5.194,40.71,5.306,0.232,0.1403707,5.255,2.054,5.242
"2012-01-10 05:00:00",590,5.145,40.33,5.305,0.231,0.1404172,5.333,2.054,5.239
"2012-01-10 06:00:00",591,5.113,40.07,5.302,0.231,0.1404527,5.342,2.054,5.24
"2012-01-10 07:00:00",592,5.057,39.64,5.306,0.232,0.1405023,5.314,2.054,5.237
"2012-01-10 08:00:00",593,5.136,40.24,5.295,0.232,0.1404067,5.304,2.054,5.239
"2012-01-10 09:00:00",594,5.206,40.79,5.292,0.231,0.1403152,5.314,2.054,5.232
"2012-01-10 10:00:00",595,5.062,39.66,5.293,0.232,0.1404681,5.295,2.054,5.233
"2012-01-10 11:00:00",596,5.148,40.33,5.291,0.232,0.1403567,5.273,2.054,5.23
"2012-01-10 12:00:00",597,5.162,40.44,5.289,0.232,0.1403224,5.299,2.054,5.23
"2012-01-10 13:00:00",598,5.178,40.56,5.285,0.231,0.1402712,5.311,2.054,5.227
"2012-01-10 14:00:00",599,5.248,41.11,5.284,0.232,0.1401768,5.264,2.054,5.225
"2012-01-10 15:00:00",600,5.165,40.46,5.285,0.232,0.1401795,5.241,2.054,5.226
"2012-01-10 16:00:00",601,5.166,40.47,5.282,0.232,0.1402483,5.232,2.055,5.221
"2012-01-10 17:00:00",602,5.221,40.9,5.284,0.232,0.1401337,5.242,2.054,5.219
"2012-01-10 18:00:00",603,5.215,40.85,5.282,0.231,0.1401461,5.276,2.054,5.217
"2012-01-10 19:00:00",604,5.124,40.14,5.281,0.232,0.1403117,5.253,2.054,5.217
"2012-01-10 20:00:00",605,5.153,40.36,5.28,0.232,0.1402224,5.245,2.054,5.217
"2012-01-10 21:00:00",606,5.18,40.57,5.28,0.232,0.1401765,5.235,2.053,5.214
"2012-01-10 22:00:00",607,5.202,40.73,5.265,0.232,0.1401078,5.245,2.053,5.211
"2012-01-10 23:00:00",608,5.212,40.81,5.265,0.231,0.1400963,5.293,2.053,5.209
"2012-01-11 00:00:00",609,5.119,40.08,5.266,0.232,0.1402383,5.254,2.053,5.208
"2012-01-11 01:00:00",610,5.18,40.55,5.262,0.232,0.1401506,5.238,2.053,5.206
"2012-01-11 02:00:00",611,5.191,40.64,5.261,0.232,0.1400704,5.219,2.053,5.204
"2012-01-11 03:00:00",612,5.233,40.96,5.26,0.231,0.139987,5.288,2.052,5.202
"2012-01-11 04:00:00",613,5.199,40.7,5.26,0.231,0.1399256,5.225,2.052,5.203
"2012-01-11 05:00:00",614,5.217,40.84,5.259,0.231,0.1398804,5.254,2.052,5.198
"2012-01-11 06:00:00",615,5.205,40.74,5.259,0.231,0.1398959,5.265,2.052,5.198
"2012-01-11 07:00:00",616,5.222,40.88,5.259,0.231,0.1398532,5.229,2.052,5.197
"2012-01-11 08:00:00",617,5.199,40.69,5.257,0.231,0.139861,5.251,2.052,5.198
"2012-01-11 09:00:00",618,5.197,40.68,5.257,0.232,0.139861,5.202,2.051,5.193
"2012-01-11 10:00:00",619,5.18,40.54,5.257,0.231,0.1398883,5.278,2.051,5.194
"2012-01-11 11:00:00",620,5.207,40.76,5.253,0.231,0.139841,5.225,2.05,5.192
"2012-01-11 12:00:00",621,5.184,40.58,5.253,0.231,0.1398413,5.267,2.051,5.19
"2012-01-11 13:00:00",622,5.161,40.4,5.254,0.231,0.1398906,5.256,2.051,5.188
"2012-01-11 14:00:00",623,5.149,40.3,5.249,0.231,0.1398673,5.274,2.048,5.187
"2012-01-11 15:00:00",624,5.177,40.51,5.243,0.231,0.1398673,5.245,2.049,5.185
"2012-01-11 16:00:00",625,5.195,40.65,5.243,0.231,0.1398673,5.225,2.05,5.183
"2012-01-11 17:00:00",626,5.205,40.73,5.242,0.231,0.1398478,5.264,2.05,5.18
"2012-01-11 18:00:00",627,5.171,40.46,5.236,0.232,0.1399213,5.218,2.05,5.18
"2012-01-11 19:00:00",628,5.199,40.67,5.235,0.231,0.1398871,5.257,2.05,5.177
"2012-01-11 20:00:00",629,5.221,40.85,5.234,0.231,0.1397954,5.257,2.049,5.175
"2012-01-11 21:00:00",630,5.169,40.44,5.234,0.232,0.1398911,5.205,2.049,5.178
"2012-01-11 22:00:00",631,5.2,40.68,5.235,0.231,0.1397994,5.235,2.049,5.171
"2012-01-11 23:00:00",632,5.184,40.56,5.234,0.231,0.1398224,5.273,2.049,5.172
"2012-01-12 00:00:00",633,5.176,40.5,5.234,0.232,0.1398682,5.206,2.048,5.17
"2012-01-12 01:00:00",634,5.2,40.68,5.233,0.232,0.1399713,5.186,2.048,5.167
"2012-01-12 02:00:00",635,5.236,40.96,5.233,0.232,0.1399558,5.219,2.048,5.167
"2012-01-12 03:00:00",636,5.209,40.75,5.233,0.231,0.1399903,5.238,2.048,5.165
"2012-01-12 04:00:00",637,5.211,40.76,5.229,0.232,0.1399866,5.229,2.048,5.163
"2012-01-12 05:00:00",638,5.222,40.84,5.224,0.232,0.139937,5.196,2.047,5.163
"2012-01-12 06:00:00",639,5.238,40.97,5.226,0.231,0.1398507,5.216,2.047,5.16
"2012-01-12 07:00:00",640,5.176,40.48,5.224,0.231,0.1399066,5.24,2.046,5.159
"2012-01-12 08:00:00",641,5.198,40.65,5.218,0.231,0.1398632,5.238,2.046,5.156
"2012-01-12 09:00:00",642,5.221,40.82,5.217,0.231,0.139857,5.225,2.046,5.157
"2012-01-12 10:00:00",643,5.233,40.92,5.215,0.231,0.1398858,5.225,2.046,5.153
"2012-01-12 11:00:00",644,5.22,40.81,5.213,0.231,0.1397153,5.19,2.045,5.152
"2012-01-12 12:00:00",645,5.222,40.83,5.212,0.232,0.139828,5.18,2.045,5.152
"2012-01-12 13:00:00",646,5.215,40.78,5.212,0.231,0.1396726,5.187,2.046,5.15
"2012-01-12 14:00:00",647,5.196,40.63,5.212,0.231,0.1396955,5.187,2.045,5.15
"2012-01-12 15:00:00",648,5.194,40.61,5.21,0.231,0.1396611,5.206,2.044,5.147
"2012-01-12 16:00:00",649,5.255,41.08,5.209,0.231,0.1396154,5.216,2.046,5.145
"2012-01-12 17:00:00",650,5.202,40.67,5.208,0.231,0.1395925,5.206,2.045,5.146
"2012-01-12 18:00:00",651,5.206,40.7,5.208,0.231,0.1396268,5.225,2.045,5.142
"2012-01-12 19:00:00",652,5.22,40.81,5.206,0.231,0.1396039,5.225,2.045,5.14
"2012-01-12 20:00:00",653,5.203,40.68,5.206,0.231,0.1396268,5.187,2.044,5.141
"2012-01-12 21:00:00",654,5.194,40.6,5.204,0.231,0.1396611,5.216,2.044,5.139
"2012-01-12 22:00:00",655,5.178,40.47,5.201,0.231,0.1396268,5.158,2.044,5.137
"2012-01-12 23:00:00",656,5.19,40.57,5.2,0.232,0.1396841,5.158,2.044,5.135
"2012-01-13 00:00:00",657,5.226,40.84,5.196,0.231,0.1396268,5.206,2.043,5.13
"2012-01-13 01:00:00",658,5.151,40.26,5.201,0.232,0.1396841,5.167,2.044,5.136
"2012-01-13 02:00:00",659,5.168,40.39,5.189,0.232,0.1396382,5.158,2.043,5.13
"2012-01-13 03:00:00",660,5.167,40.37,5.187,0.231,0.1396449,5.207,2.043,5.129
"2012-01-13 04:00:00",661,5.083,39.72,5.185,0.231,0.1396807,5.208,2.043,5.128
"2012-01-13 05:00:00",662,5.186,40.52,5.185,0.231,0.1396006,5.17,2.042,5.127
"2012-01-13 06:00:00",663,5.179,40.46,5.186,0.231,0.1396922,5.199,2.043,5.125
"2012-01-13 07:00:00",664,5.169,40.38,5.185,0.231,0.1396148,5.204,2.042,5.125
"2012-01-13 08:00:00",665,5.177,40.45,5.184,0.231,0.139662,5.167,2.042,5.121
"2012-01-13 09:00:00",666,5.142,40.17,5.185,0.231,0.1395939,5.187,2.042,5.12
"2012-01-13 10:00:00",667,5.131,40.09,5.185,0.232,0.1397079,5.148,2.041,5.122
"2012-01-13 11:00:00",668,5.147,40.21,5.183,0.231,0.1396694,5.219,2.04,5.12
"2012-01-13 12:00:00",669,5.141,40.17,5.184,0.231,0.139674,5.19,2.041,5.115
"2012-01-13 13:00:00",670,5.171,40.39,5.177,0.231,0.1396382,5.196,2.042,5.115
"2012-01-13 14:00:00",671,5.167,40.36,5.177,0.232,0.1396422,5.137,2.039,5.113
"2012-01-13 15:00:00",672,5.167,40.35,5.168,0.231,0.1396414,5.174,2.041,5.112
"2012-01-13 16:00:00",673,5.221,40.77,5.162,0.232,0.1395612,5.115,2.042,5.108
"2012-01-13 17:00:00",674,5.211,40.69,5.163,0.231,0.1395454,5.158,2.042,5.109
"2012-01-13 18:00:00",675,5.278,41.21,5.161,0.231,0.1394893,5.138,2.041,5.106
"2012-01-13 19:00:00",676,5.203,40.63,5.16,0.231,0.1395352,5.177,2.041,5.105
"2012-01-13 20:00:00",677,5.187,40.5,5.159,0.231,0.139558,5.206,2.041,5.101
"2012-01-13 21:00:00",678,5.256,41.04,5.16,0.232,0.1394664,5.109,2.041,5.101
"2012-01-13 22:00:00",679,5.241,40.92,5.161,0.231,0.1394779,5.148,2.04,5.1
"2012-01-13 23:00:00",680,5.249,40.99,5.161,0.231,0.1394664,5.177,2.041,5.099
"2012-01-14 00:00:00",681,5.27,41.15,5.16,0.231,0.1394092,5.177,2.04,5.101
"2012-01-14 01:00:00",682,5.27,41.15,5.16,0.231,0.1394779,5.148,2.04,5.094
"2012-01-14 02:00:00",683,5.204,40.63,5.159,0.231,0.1394779,5.177,2.04,5.094
"2012-01-14 03:00:00",684,5.242,40.93,5.155,0.231,0.1394321,5.158,2.039,5.092
"2012-01-14 04:00:00",685,5.228,40.82,5.155,0.232,0.1394664,5.119,2.04,5.092
"2012-01-14 05:00:00",686,5.252,41,5.153,0.231,0.1394435,5.138,2.039,5.09
"2012-01-14 06:00:00",687,5.232,40.84,5.147,0.231,0.1393978,5.109,2.04,5.086
"2012-01-14 07:00:00",688,5.215,40.7,5.146,0.231,0.139455,5.138,2.039,5.087
"2012-01-14 08:00:00",689,5.252,40.99,5.143,0.231,0.1394092,5.177,2.039,5.087
"2012-01-14 09:00:00",690,5.24,40.89,5.136,0.231,0.139455,5.158,2.039,5.088
"2012-01-14 10:00:00",691,5.213,40.68,5.14,0.232,0.1394321,5.1,2.039,5.082
"2012-01-14 11:00:00",692,5.206,40.63,5.137,0.231,0.1393865,5.166,2.039,5.078
"2012-01-14 12:00:00",693,5.268,41.11,5.136,0.231,0.1393214,5.146,2.039,5.079
"2012-01-14 13:00:00",694,5.236,40.86,5.136,0.231,0.1392638,5.164,2.039,5.077
"2012-01-14 14:00:00",695,5.305,41.4,5.136,0.231,0.1392507,5.153,2.04,5.074
"2012-01-14 15:00:00",696,5.226,40.78,5.136,0.231,0.1392873,5.12,2.04,5.074
"2012-01-14 16:00:00",697,5.253,40.99,5.136,0.231,0.1393399,5.148,2.04,5.074
"2012-01-14 17:00:00",698,5.277,41.18,5.134,0.231,0.1392778,5.138,2.04,5.072
"2012-01-14 18:00:00",699,5.293,41.3,5.134,0.231,0.1392624,5.154,2.04,5.07
"2012-01-14 19:00:00",700,5.272,41.13,5.134,0.231,0.1392784,5.088,2.041,5.068
"2012-01-14 20:00:00",701,5.248,40.95,5.133,0.231,0.1393183,5.097,2.04,5.067
"2012-01-14 21:00:00",702,5.284,41.23,5.132,0.231,0.1392584,5.079,2.041,5.066
"2012-01-14 22:00:00",703,5.271,41.13,5.129,0.231,0.1392612,5.11,2.041,5.063
"2012-01-14 23:00:00",704,5.243,40.9,5.128,0.232,0.1393076,5.082,2.04,5.062
"2012-01-15 00:00:00",705,5.284,41.22,5.129,0.231,0.1392386,5.129,2.041,5.061
"2012-01-15 01:00:00",706,5.301,41.34,5.117,0.231,0.1392408,5.106,2.042,5.057
"2012-01-15 02:00:00",707,5.272,41.12,5.122,0.231,0.1392408,5.106,2.042,5.057
"2012-01-15 03:00:00",708,5.319,41.48,5.112,0.231,0.1391608,5.155,2.042,5.053
"2012-01-15 04:00:00",709,5.293,41.28,5.115,0.231,0.1390552,5.128,2.042,5.054
"2012-01-15 05:00:00",710,5.35,41.72,5.113,0.231,0.1390198,5.128,2.042,5.052
"2012-01-15 06:00:00",711,5.27,41.1,5.111,0.231,0.139043,5.129,2.042,5.054
"2012-01-15 07:00:00",712,5.319,41.47,5.108,0.231,0.1391574,5.138,2.041,5.049
"2012-01-15 08:00:00",713,5.322,41.5,5.108,0.231,0.1390888,5.119,2.043,5.046
"2012-01-15 09:00:00",714,5.331,41.57,5.109,0.231,0.1390201,5.09,2.042,5.044
"2012-01-15 10:00:00",715,5.267,41.07,5.106,0.231,0.1390201,5.138,2.042,5.044
"2012-01-15 11:00:00",716,5.377,41.93,5.107,0.231,0.1390201,5.071,2.041,5.043
"2012-01-15 12:00:00",717,5.341,41.64,5.104,0.231,0.1390773,5.071,2.042,5.044
"2012-01-15 13:00:00",718,5.294,41.28,5.105,0.232,0.1391688,5.051,2.042,5.04
"2012-01-15 14:00:00",719,5.311,41.41,5.102,0.231,0.1391116,5.119,2.042,5.041
"2012-01-15 15:00:00",720,5.214,40.64,5.097,0.231,0.1391002,5.1,2.043,5.038
"2012-01-15 16:00:00",721,5.299,41.31,5.094,0.231,0.1391002,5.119,2.043,5.036
"2012-01-15 17:00:00",722,5.319,41.46,5.093,0.231,0.1390544,5.041,2.043,5.035
"2012-01-15 18:00:00",723,5.31,41.38,5.088,0.231,0.1390772,5.092,2.044,5.035
"2012-01-15 19:00:00",724,5.354,41.73,5.086,0.231,0.139051,5.112,2.043,5.033
"2012-01-15 20:00:00",725,5.337,41.59,5.086,0.231,0.1390396,5.093,2.043,5.03
"2012-01-15 21:00:00",726,5.264,41.02,5.085,0.231,0.1390739,5.073,2.043,5.03
"2012-01-15 22:00:00",727,5.323,41.49,5.085,0.231,0.1390346,5.056,2.043,5.028
"2012-01-15 23:00:00",728,5.341,41.63,5.085,0.231,0.139031,5.088,2.043,5.026
"2012-01-16 00:00:00",729,5.341,41.63,5.084,0.231,0.1389978,5.109,2.043,5.024
"2012-01-16 01:00:00",730,5.367,41.83,5.086,0.231,0.138952,5.128,2.043,5.024
"2012-01-16 02:00:00",731,5.329,41.53,5.084,0.231,0.1390207,5.089,2.043,5.023
"2012-01-16 03:00:00",732,5.325,41.5,5.082,0.231,0.1389749,5.089,2.043,5.022
"2012-01-16 04:00:00",733,5.317,41.43,5.082,0.231,0.1389878,5.033,2.043,5.021
"2012-01-16 05:00:00",734,5.296,41.27,5.082,0.231,0.1389666,5.094,2.043,5.019
"2012-01-16 06:00:00",735,5.341,41.62,5.084,0.231,0.1389789,5.076,2.043,5.023
"2012-01-16 07:00:00",736,5.37,41.83,5.068,0.231,0.1389331,5.086,2.042,5.014
"2012-01-16 08:00:00",737,5.415,42.18,5.066,0.231,0.1388302,5.067,2.042,5.014
"2012-01-16 09:00:00",738,5.367,41.8,5.065,0.231,0.1388988,5.076,2.042,5.011
"2012-01-16 10:00:00",739,5.362,41.76,5.061,0.231,0.1388988,5.115,2.041,5.013
"2012-01-16 11:00:00",740,5.351,41.68,5.062,0.231,0.1389446,5.096,2.041,5.009
"2012-01-16 12:00:00",741,5.35,41.67,5.062,0.231,0.1389331,5.076,2.041,5.012
"2012-01-16 13:00:00",742,5.413,42.16,5.061,0.231,0.1388401,5.071,2.041,5.005
"2012-01-16 14:00:00",743,5.388,41.96,5.061,0.231,0.1388032,5.06,2.041,5.009
"2012-01-16 15:00:00",744,5.393,42.01,5.061,0.231,0.138849,5.041,2.041,5.005
"2012-01-16 16:00:00",745,5.4,42.05,5.059,0.231,0.138804,5.038,2.041,5.003
"2012-01-16 17:00:00",746,5.399,42.05,5.059,0.231,0.1388083,5.066,2.041,5.002
"2012-01-16 18:00:00",747,5.364,41.78,5.059,0.231,0.1388497,5.077,2.041,5
"2012-01-16 19:00:00",748,5.356,41.72,5.061,0.231,0.1388483,5.069,2.04,4.998
"2012-01-16 20:00:00",749,5.432,42.3,5.056,0.231,0.138799,5.089,2.04,4.993
"2012-01-16 21:00:00",750,5.349,41.65,5.058,0.231,0.1388578,5.075,2.04,4.995
"2012-01-16 22:00:00",751,5.333,41.53,5.057,0.231,0.1388336,5.083,2.04,4.998
"2012-01-16 23:00:00",752,5.376,41.86,5.051,0.231,0.1388336,5.054,2.039,4.995
"2012-01-17 00:00:00",753,5.395,42.01,5.049,0.231,0.1387879,5.025,2.039,4.993
"2012-01-17 01:00:00",754,5.433,42.3,5.043,0.231,0.1387307,5.015,2.039,4.991
"2012-01-17 02:00:00",755,5.374,41.83,5.044,0.231,0.1387651,5.044,2.04,4.99
"2012-01-17 03:00:00",756,5.369,41.79,5.041,0.231,0.1387536,5.044,2.04,4.989
"2012-01-17 04:00:00",757,5.363,41.75,5.04,0.231,0.1386735,5.025,2.04,4.989
"2012-01-17 05:00:00",758,5.317,41.39,5.041,0.231,0.1387994,4.996,2.039,4.988
"2012-01-17 06:00:00",759,5.39,41.95,5.037,0.231,0.1387536,5.035,2.039,4.983
"2012-01-17 07:00:00",760,5.359,41.72,5.039,0.231,0.1387422,5.025,2.04,4.983
"2012-01-17 08:00:00",761,5.337,41.54,5.037,0.231,0.1388108,5.006,2.038,4.984
"2012-01-17 09:00:00",762,5.34,41.57,5.037,0.231,0.138804,5.044,2.039,4.979
"2012-01-17 10:00:00",763,5.318,41.4,5.037,0.231,0.1388371,5.032,2.04,4.981
"2012-01-17 11:00:00",764,5.317,41.38,5.037,0.231,0.1388371,4.993,2.039,4.979
"2012-01-17 12:00:00",765,5.369,41.79,5.036,0.231,0.1388039,5.079,2.039,4.976
"2012-01-17 13:00:00",766,5.38,41.88,5.036,0.231,0.1386557,5.012,2.039,4.975
"2012-01-17 14:00:00",767,5.366,41.77,5.036,0.231,0.1387495,5.01,2.039,4.974
"2012-01-17 15:00:00",768,5.369,41.79,5.034,0.231,0.1386588,5.001,2.04,4.972
"2012-01-17 16:00:00",769,5.449,42.41,5.033,0.231,0.1386239,5.02,2.039,4.972
"2012-01-17 17:00:00",770,5.384,41.9,5.033,0.231,0.1387034,5.039,2.039,4.969
"2012-01-17 18:00:00",771,5.384,41.9,5.032,0.231,0.1386691,4.971,2.039,4.966
"2012-01-17 19:00:00",772,5.399,42.02,5.033,0.23,0.1385663,5.058,2.039,4.968
"2012-01-17 20:00:00",773,5.339,41.56,5.033,0.231,0.1386875,5.001,2.039,4.967
"2012-01-17 21:00:00",774,5.405,42.06,5.029,0.231,0.1386463,4.971,2.038,4.963
"2012-01-17 22:00:00",775,5.369,41.78,5.03,0.231,0.1386691,5,2.04,4.963
"2012-01-17 23:00:00",776,5.328,41.47,5.029,0.231,0.1388024,4.992,2.039,4.963
"2012-01-18 00:00:00",777,5.369,41.77,5.021,0.231,0.138757,5.012,2.04,4.96
"2012-01-18 01:00:00",778,5.395,41.97,5.021,0.231,0.1386655,4.983,2.04,4.959
"2012-01-18 02:00:00",779,5.4,42.01,5.02,0.231,0.1386426,5.032,2.039,4.96
"2012-01-18 03:00:00",780,5.396,41.98,5.018,0.231,0.1386426,5.022,2.039,4.957
"2012-01-18 04:00:00",781,5.413,42.11,5.016,0.231,0.1386084,4.974,2.04,4.956
"2012-01-18 05:00:00",782,5.323,41.41,5.018,0.231,0.1387113,5.032,2.039,4.957
"2012-01-18 06:00:00",783,5.363,41.72,5.011,0.231,0.1387709,5.01,2.039,4.953
"2012-01-18 07:00:00",784,5.351,41.62,5.011,0.231,0.1386895,5.043,2.039,4.954
"2012-01-18 08:00:00",785,5.354,41.64,5.011,0.231,0.1387262,5.032,2.039,4.953
"2012-01-18 09:00:00",786,5.382,41.86,5.01,0.231,0.1386665,4.966,2.038,4.951
"2012-01-18 10:00:00",787,5.416,42.13,5.01,0.231,0.1385989,5.014,2.038,4.95
"2012-01-18 11:00:00",788,5.383,41.87,5.011,0.231,0.1386541,5.003,2.039,4.949
"2012-01-18 12:00:00",789,5.328,41.45,5.01,0.231,0.138677,5.022,2.039,4.949
"2012-01-18 13:00:00",790,5.368,41.75,5.009,0.231,0.1386885,4.993,2.038,4.947
"2012-01-18 14:00:00",791,5.449,42.38,5.009,0.231,0.1386085,4.993,2.039,4.946
"2012-01-18 15:00:00",792,5.38,41.85,5.008,0.231,0.138597,4.974,2.039,4.944
"2012-01-18 16:00:00",793,5.532,43.02,5.002,0.231,0.1384255,5.003,2.039,4.939
"2012-01-18 17:00:00",794,5.509,42.84,4.999,0.231,0.1384026,4.984,2.039,4.939
"2012-01-18 18:00:00",795,5.457,42.43,4.996,0.231,0.1384168,4.955,2.039,4.934
"2012-01-18 19:00:00",796,5.464,42.48,4.995,0.23,0.1383303,5.025,2.038,4.936
"2012-01-18 20:00:00",797,5.456,42.42,4.997,0.231,0.1383318,4.958,2.039,4.939
"2012-01-18 21:00:00",798,5.456,42.41,4.986,0.231,0.1384566,4.961,2.039,4.937
"2012-01-18 22:00:00",799,5.454,42.39,4.984,0.231,0.1384486,4.983,2.039,4.934
"2012-01-18 23:00:00",800,5.481,42.61,4.985,0.231,0.1384371,4.935,2.039,4.932
"2012-01-19 00:00:00",801,5.473,42.54,4.984,0.231,0.13846,4.993,2.038,4.932
"2012-01-19 01:00:00",802,5.5,42.76,4.985,0.231,0.1383914,4.983,2.038,4.93
"2012-01-19 02:00:00",803,5.507,42.81,4.986,0.231,0.1383342,4.993,2.038,4.928
"2012-01-19 03:00:00",804,5.447,42.34,4.986,0.231,0.1384371,4.983,2.038,4.928
"2012-01-19 04:00:00",805,5.474,42.55,4.986,0.231,0.1383919,5.012,2.038,4.925
"2012-01-19 05:00:00",806,5.502,42.76,4.984,0.231,0.1383343,4.954,2.038,4.924
"2012-01-19 06:00:00",807,5.486,42.65,4.986,0.231,0.1383576,5.003,2.038,4.924
"2012-01-19 07:00:00",808,5.506,42.8,4.984,0.231,0.1383228,4.973,2.038,4.923
"2012-01-19 08:00:00",809,5.485,42.64,4.984,0.231,0.1383728,4.983,2.038,4.925
"2012-01-19 09:00:00",810,5.47,42.52,4.984,0.231,0.1383914,4.993,2.038,4.918
"2012-01-19 10:00:00",811,5.55,43.14,4.98,0.231,0.1382314,4.973,2.038,4.918
"2012-01-19 11:00:00",812,5.54,43.06,4.976,0.231,0.1382613,4.944,2.038,4.916
"2012-01-19 12:00:00",813,5.481,42.59,4.977,0.231,0.1383421,5.006,2.037,4.918
"2012-01-19 13:00:00",814,5.522,42.91,4.972,0.231,0.1383075,4.996,2.037,4.916
"2012-01-19 14:00:00",815,5.523,42.92,4.97,0.231,0.1382619,4.977,2.037,4.913
"2012-01-19 15:00:00",816,5.536,43.01,4.967,0.231,0.1382388,4.928,2.037,4.912
"2012-01-19 16:00:00",817,5.595,43.46,4.962,0.231,0.1382046,4.938,2.038,4.911
"2012-01-19 17:00:00",818,5.546,43.09,4.962,0.23,0.1382275,4.996,2.038,4.91
"2012-01-19 18:00:00",819,5.391,41.88,4.961,0.231,0.1384676,4.948,2.037,4.909
"2012-01-19 19:00:00",820,5.491,42.66,4.961,0.231,0.1383075,4.977,2.038,4.911
"2012-01-19 20:00:00",821,5.546,43.09,4.962,0.231,0.1382275,4.977,2.038,4.909
"2012-01-19 21:00:00",822,5.514,42.84,4.961,0.231,0.1382388,4.986,2.037,4.908
"2012-01-19 22:00:00",823,5.51,42.8,4.961,0.231,0.1382504,4.928,2.038,4.905
"2012-01-19 23:00:00",824,5.544,43.06,4.958,0.231,0.1382504,4.957,2.037,4.903
"2012-01-20 00:00:00",825,5.542,43.05,4.96,0.231,0.1382161,4.948,2.038,4.903
"2012-01-20 01:00:00",826,5.553,43.14,4.961,0.231,0.1381703,4.948,2.037,4.9
"2012-01-20 02:00:00",827,5.581,43.35,4.959,0.23,0.1381246,4.977,2.037,4.899
"2012-01-20 03:00:00",828,5.505,42.76,4.959,0.23,0.138136,4.977,2.037,4.9
"2012-01-20 04:00:00",829,5.552,43.13,4.958,0.231,0.1381589,4.938,2.037,4.897
"2012-01-20 05:00:00",830,5.501,42.73,4.958,0.23,0.1382046,4.996,2.037,4.896
"2012-01-20 06:00:00",831,5.549,43.1,4.956,0.231,0.1381589,4.957,2.037,4.895
"2012-01-20 07:00:00",832,5.523,42.9,4.956,0.231,0.1382046,4.919,2.037,4.894
"2012-01-20 08:00:00",833,5.49,42.64,4.953,0.231,0.1381703,4.938,2.037,4.891
"2012-01-20 09:00:00",834,5.566,43.23,4.95,0.231,0.1381246,4.948,2.036,4.89
"2012-01-20 10:00:00",835,5.576,43.3,4.949,0.231,0.1380675,4.938,2.036,4.89
"2012-01-20 11:00:00",836,5.502,42.72,4.943,0.231,0.1380928,4.907,2.036,4.888
"2012-01-20 12:00:00",837,5.545,43.05,4.937,0.23,0.1380721,4.965,2.036,4.887
"2012-01-20 13:00:00",838,5.574,43.28,4.937,0.231,0.1380712,4.906,2.036,4.886
"2012-01-20 14:00:00",839,5.566,43.21,4.938,0.23,0.1380712,4.974,2.036,4.884
"2012-01-20 15:00:00",840,5.545,43.05,4.937,0.23,0.1381054,4.974,2.036,4.884
"2012-01-20 16:00:00",841,5.546,43.05,4.937,0.231,0.1381054,4.954,2.036,4.882
"2012-01-20 17:00:00",842,5.554,43.11,4.935,0.23,0.1381002,4.964,2.036,4.881
"2012-01-20 18:00:00",843,5.54,43.01,4.935,0.231,0.1380593,4.944,2.036,4.879
"2012-01-20 19:00:00",844,5.579,43.31,4.936,0.23,0.1380677,4.974,2.036,4.88
"2012-01-20 20:00:00",845,5.563,43.18,4.936,0.23,0.1380939,4.974,2.037,4.878
"2012-01-20 21:00:00",846,5.569,43.24,4.936,0.23,0.1380483,4.974,2.036,4.876
"2012-01-20 22:00:00",847,5.562,43.18,4.936,0.231,0.1380597,4.925,2.037,4.876
"2012-01-20 23:00:00",848,5.595,43.43,4.933,0.231,0.138048,4.935,2.037,4.875
"2012-01-21 00:00:00",849,5.521,42.86,4.935,0.231,0.138059,4.924,2.037,4.873
"2012-01-21 01:00:00",850,5.559,43.16,4.936,0.231,0.1381026,4.92,2.037,4.874
"2012-01-21 02:00:00",851,5.367,41.66,4.936,0.231,0.1382366,4.957,2.037,4.878
"2012-01-21 03:00:00",852,5.345,41.49,4.936,0.231,0.138451,4.906,2.038,4.876
"2012-01-21 04:00:00",853,5.324,41.33,4.935,0.232,0.1384562,4.904,2.038,4.875
"2012-01-21 05:00:00",854,5.332,41.39,4.936,0.231,0.138475,4.952,2.038,4.874
"2012-01-21 06:00:00",855,5.36,41.61,4.936,0.232,0.1384177,4.894,2.039,4.871
"2012-01-21 07:00:00",856,5.342,41.47,4.934,0.231,0.138452,4.903,2.039,4.87
"2012-01-21 08:00:00",857,5.368,41.67,4.934,0.231,0.1383948,4.913,2.04,4.868
"2012-01-21 09:00:00",858,5.304,41.17,4.931,0.231,0.1384406,4.942,2.04,4.867
"2012-01-21 10:00:00",859,5.321,41.3,4.929,0.231,0.1384633,4.952,2.04,4.868
"2012-01-21 11:00:00",860,5.377,41.73,4.923,0.231,0.138413,4.939,2.04,4.863
"2012-01-21 12:00:00",861,5.426,42.11,4.919,0.231,0.1383392,4.936,2.041,4.863
"2012-01-21 13:00:00",862,5.371,41.68,4.919,0.231,0.1383451,4.956,2.041,4.862
"2012-01-21 14:00:00",863,5.368,41.66,4.919,0.232,0.1383443,4.877,2.041,4.861
"2012-01-21 15:00:00",864,5.415,42.01,4.913,0.231,0.1382518,4.924,2.041,4.859
"2012-01-21 16:00:00",865,5.377,41.72,4.914,0.231,0.1383426,4.914,2.041,4.858
"2012-01-21 17:00:00",866,5.375,41.7,4.913,0.231,0.1383348,4.904,2.042,4.857
"2012-01-21 18:00:00",867,5.383,41.76,4.912,0.231,0.1382918,4.953,2.043,4.856
"2012-01-21 19:00:00",868,5.374,41.69,4.912,0.231,0.1383308,4.885,2.041,4.855
"2012-01-21 20:00:00",869,5.386,41.79,4.911,0.231,0.1383709,4.933,2.042,4.854
"2012-01-21 21:00:00",870,5.478,42.5,4.91,0.231,0.1382438,4.895,2.042,4.851
"2012-01-21 22:00:00",871,5.438,42.19,4.911,0.231,0.1381955,4.926,2.043,4.851
"2012-01-21 23:00:00",872,5.398,41.88,4.909,0.231,0.138274,4.917,2.042,4.851
"2012-01-22 00:00:00",873,5.46,42.36,4.909,0.231,0.1382081,4.926,2.043,4.85
"2012-01-22 01:00:00",874,5.467,42.41,4.908,0.231,0.1381466,4.908,2.042,4.847
"2012-01-22 02:00:00",875,5.419,42.04,4.908,0.231,0.1381783,4.907,2.043,4.845
"2012-01-22 03:00:00",876,5.408,41.95,4.907,0.231,0.1382447,4.898,2.043,4.844
"2012-01-22 04:00:00",877,5.408,41.95,4.904,0.231,0.1382083,4.888,2.044,4.843
"2012-01-22 05:00:00",878,5.378,41.71,4.903,0.231,0.1382565,4.909,2.043,4.842
"2012-01-22 06:00:00",879,5.432,42.13,4.899,0.231,0.1381511,4.888,2.044,4.84
"2012-01-22 07:00:00",880,5.398,41.86,4.895,0.231,0.1382347,4.874,2.043,4.838
"2012-01-22 08:00:00",881,5.351,41.49,4.891,0.231,0.1383261,4.884,2.043,4.838
"2012-01-22 09:00:00",882,5.4,41.88,4.892,0.231,0.1382805,4.874,2.043,4.837
"2012-01-22 10:00:00",883,5.366,41.61,4.89,0.232,0.1382668,4.845,2.044,4.836
"2012-01-22 11:00:00",884,5.378,41.7,4.889,0.231,0.1382563,4.913,2.042,4.833
"2012-01-22 12:00:00",885,5.469,42.41,4.886,0.231,0.1380735,4.84,2.044,4.828
"2012-01-22 13:00:00",886,5.426,42.07,4.885,0.231,0.1380841,4.869,2.044,4.83
"2012-01-22 14:00:00",887,5.368,41.62,4.886,0.232,0.1383119,4.869,2.043,4.83
"2012-01-22 15:00:00",888,5.431,42.11,4.885,0.232,0.138322,4.848,2.044,4.828
"2012-01-22 16:00:00",889,5.418,42.01,4.885,0.231,0.1383418,4.887,2.045,4.824
"2012-01-22 17:00:00",890,5.383,41.73,4.884,0.232,0.1383243,4.849,2.045,4.826
"2012-01-22 18:00:00",891,5.45,42.25,4.884,0.231,0.1382574,4.902,2.045,4.824
"2012-01-22 19:00:00",892,5.385,41.75,4.883,0.231,0.1382919,4.884,2.045,4.824
"2012-01-22 20:00:00",893,5.38,41.71,4.881,0.231,0.1382786,4.907,2.045,4.821
"2012-01-22 21:00:00",894,5.397,41.84,4.877,0.231,0.1382603,4.886,2.045,4.82
"2012-01-22 22:00:00",895,5.406,41.91,4.875,0.232,0.1382878,4.847,2.045,4.819
"2012-01-22 23:00:00",896,5.385,41.74,4.876,0.232,0.1382854,4.858,2.045,4.818
"2012-01-23 00:00:00",897,5.361,41.56,4.882,0.231,0.1382806,4.907,2.045,4.817
"2012-01-23 01:00:00",898,5.467,42.37,4.872,0.231,0.1381447,4.838,2.045,4.816
"2012-01-23 02:00:00",899,5.491,42.55,4.866,0.231,0.1380975,4.908,2.045,4.815
"2012-01-23 03:00:00",900,5.456,42.28,4.864,0.231,0.1381705,4.899,2.045,4.812
"2012-01-23 04:00:00",901,5.486,42.51,4.863,0.231,0.1380635,4.872,2.046,4.812
"2012-01-23 05:00:00",902,5.495,42.58,4.863,0.232,0.1380764,4.812,2.046,4.808
"2012-01-23 06:00:00",903,5.517,42.75,4.862,0.231,0.13802,4.861,2.046,4.809
"2012-01-23 07:00:00",904,5.51,42.69,4.859,0.231,0.1379997,4.825,2.047,4.807
"2012-01-23 08:00:00",905,5.472,42.4,4.86,0.231,0.1380698,4.885,2.046,4.806
"2012-01-23 09:00:00",906,5.465,42.34,4.861,0.231,0.1381317,4.847,2.046,4.807
"2012-01-23 10:00:00",907,5.521,42.78,4.861,0.231,0.1380194,4.828,2.046,4.804
"2012-01-23 11:00:00",908,5.607,43.44,4.859,0.231,0.1378123,4.884,2.046,4.803
"2012-01-23 12:00:00",909,5.5,42.62,4.859,0.231,0.1378921,4.845,2.045,4.803
"2012-01-23 13:00:00",910,5.534,42.87,4.857,0.232,0.1380506,4.811,2.046,4.797
"2012-01-23 14:00:00",911,5.614,43.49,4.858,0.231,0.1377935,4.838,2.045,4.8
"2012-01-23 15:00:00",912,5.582,43.24,4.852,0.231,0.1378512,4.828,2.046,4.798
"2012-01-23 16:00:00",913,5.613,43.48,4.852,0.231,0.1377946,4.816,2.046,4.796
"2012-01-23 17:00:00",914,5.479,42.44,4.851,0.231,0.1379455,4.82,2.047,4.797
"2012-01-23 18:00:00",915,5.486,42.49,4.848,0.231,0.1379949,4.845,2.046,4.795
"2012-01-23 19:00:00",916,5.483,42.47,4.846,0.231,0.1378926,4.875,2.046,4.793
"2012-01-23 20:00:00",917,5.502,42.61,4.847,0.231,0.1378985,4.836,2.046,4.794
"2012-01-23 21:00:00",918,5.469,42.36,4.849,0.231,0.1379911,4.829,2.046,4.794
"2012-01-23 22:00:00",919,5.516,42.72,4.84,0.231,0.137934,4.858,2.046,4.791
"2012-01-23 23:00:00",920,5.418,41.96,4.841,0.231,0.1379802,4.829,2.046,4.789
"2012-01-24 00:00:00",921,5.552,42.99,4.838,0.231,0.1379181,4.869,2.046,4.788
"2012-01-24 01:00:00",922,5.535,42.86,4.838,0.231,0.1377816,4.851,2.045,4.785
"2012-01-24 02:00:00",923,5.486,42.48,4.837,0.231,0.1378893,4.794,2.045,4.785
"2012-01-24 03:00:00",924,5.563,43.08,4.836,0.231,0.1378437,4.858,2.045,4.784
"2012-01-24 04:00:00",925,5.444,42.16,4.837,0.231,0.1379826,4.852,2.045,4.783
"2012-01-24 05:00:00",926,5.51,42.67,4.837,0.231,0.137915,4.844,2.044,4.782
"2012-01-24 06:00:00",927,5.496,42.55,4.834,0.231,0.137915,4.815,2.045,4.779
"2012-01-24 07:00:00",928,5.515,42.7,4.836,0.231,0.137835,4.805,2.045,4.778
"2012-01-24 08:00:00",929,5.492,42.53,4.835,0.231,0.1378492,4.844,2.044,4.778
"2012-01-24 09:00:00",930,5.469,42.34,4.834,0.231,0.1379265,4.854,2.043,4.776
"2012-01-24 10:00:00",931,5.515,42.7,4.834,0.231,0.1378465,4.825,2.043,4.776
"2012-01-24 11:00:00",932,5.515,42.7,4.833,0.231,0.1378381,4.822,2.042,4.773
"2012-01-24 12:00:00",933,5.486,42.48,4.834,0.231,0.1378734,4.871,2.042,4.773
"2012-01-24 13:00:00",934,5.487,42.48,4.832,0.231,0.1378804,4.807,2.042,4.772
"2012-01-24 14:00:00",935,5.454,42.22,4.828,0.231,0.1378427,4.838,2.041,4.769
"2012-01-24 15:00:00",936,5.483,42.45,4.831,0.231,0.1378402,4.837,2.043,4.769
"2012-01-24 16:00:00",937,5.51,42.65,4.83,0.231,0.137835,4.797,2.043,4.766
"2012-01-24 17:00:00",938,5.5,42.58,4.825,0.231,0.1378236,4.855,2.043,4.766
"2012-01-24 18:00:00",939,5.503,42.6,4.828,0.231,0.1378579,4.826,2.043,4.768
"2012-01-24 19:00:00",940,5.457,42.23,4.815,0.231,0.1378694,4.816,2.043,4.76
"2012-01-24 20:00:00",941,5.558,43.01,4.818,0.231,0.1376752,4.845,2.043,4.761
"2012-01-24 21:00:00",942,5.529,42.79,4.815,0.231,0.1377438,4.836,2.043,4.761
"2012-01-24 22:00:00",943,5.448,42.17,4.816,0.231,0.1378465,4.826,2.044,4.76
"2012-01-24 23:00:00",944,5.472,42.34,4.813,0.231,0.1378123,4.826,2.043,4.759
"2012-01-25 00:00:00",945,5.549,42.94,4.811,0.231,0.1377361,4.769,2.045,4.757
"2012-01-25 01:00:00",946,5.526,42.76,4.812,0.231,0.1377094,4.787,2.045,4.757
"2012-01-25 02:00:00",947,5.515,42.67,4.81,0.231,0.1376296,4.816,2.044,4.755
"2012-01-25 03:00:00",948,5.453,42.2,4.811,0.231,0.137834,4.841,2.045,4.754
"2012-01-25 04:00:00",949,5.479,42.4,4.811,0.231,0.1378545,4.839,2.047,4.755
"2012-01-25 05:00:00",950,5.441,42.1,4.811,0.231,0.1378617,4.794,2.045,4.753
"2012-01-25 06:00:00",951,5.498,42.54,4.809,0.232,0.1378047,4.756,2.046,4.75
"2012-01-25 07:00:00",952,5.58,43.18,4.811,0.231,0.1377476,4.833,2.047,4.749
"2012-01-25 08:00:00",953,5.463,42.27,4.81,0.231,0.1377818,4.804,2.049,4.748
"2012-01-25 09:00:00",954,5.477,42.38,4.808,0.232,0.1377704,4.756,2.049,4.746
"2012-01-25 10:00:00",955,5.564,43.05,4.805,0.231,0.1376338,4.766,2.05,4.746
"2012-01-25 11:00:00",956,5.538,42.85,4.802,0.231,0.1376905,4.823,2.05,4.743
"2012-01-25 12:00:00",957,5.519,42.7,4.801,0.231,0.1376677,4.804,2.051,4.742
"2012-01-25 13:00:00",958,5.552,42.94,4.793,0.231,0.1377133,4.756,2.051,4.741
"2012-01-25 14:00:00",959,5.572,43.1,4.794,0.231,0.137622,4.765,2.051,4.739
"2012-01-25 15:00:00",960,5.564,43.03,4.789,0.231,0.1375649,4.775,2.052,4.739
"2012-01-25 16:00:00",961,5.532,42.78,4.789,0.231,0.1376335,4.756,2.052,4.739
"2012-01-25 17:00:00",962,5.582,43.17,4.786,0.231,0.1375878,4.736,2.052,4.736
"2012-01-25 18:00:00",963,5.525,42.72,4.787,0.231,0.1376255,4.771,2.051,4.736
"2012-01-25 19:00:00",964,5.576,43.12,4.787,0.231,0.1376319,4.801,2.052,4.735
"2012-01-25 20:00:00",965,5.543,42.87,4.785,0.231,0.1376286,4.782,2.051,4.736
"2012-01-25 21:00:00",966,5.56,43,4.786,0.231,0.1375798,4.8,2.052,4.732
"2012-01-25 22:00:00",967,5.568,43.06,4.786,0.231,0.1375116,4.81,2.052,4.728
"2012-01-25 23:00:00",968,5.591,43.23,4.787,0.231,0.1375064,4.741,2.052,4.728
"2012-01-26 00:00:00",969,5.525,42.73,4.785,0.231,0.1375851,4.75,2.052,4.728
"2012-01-26 01:00:00",970,5.506,42.57,4.784,0.231,0.1376247,4.789,2.052,4.725
"2012-01-26 02:00:00",971,5.55,42.92,4.783,0.231,0.1375536,4.737,2.052,4.724
"2012-01-26 03:00:00",972,5.555,42.95,4.778,0.231,0.1375167,4.737,2.052,4.724
"2012-01-26 04:00:00",973,5.595,43.26,4.777,0.231,0.1374414,4.807,2.052,4.723
"2012-01-26 05:00:00",974,5.564,43.01,4.771,0.231,0.1374936,4.782,2.052,4.722
"2012-01-26 06:00:00",975,5.571,43.06,4.769,0.23,0.1373747,4.801,2.052,4.72
"2012-01-26 07:00:00",976,5.571,43.07,4.77,0.231,0.1373986,4.762,2.053,4.721
"2012-01-26 08:00:00",977,5.587,43.18,4.765,0.23,0.1374273,4.811,2.053,4.719
"2012-01-26 09:00:00",978,5.574,43.08,4.766,0.231,0.1374671,4.803,2.053,4.719
"2012-01-26 10:00:00",979,5.509,42.58,4.765,0.231,0.1375153,4.724,2.053,4.717
"2012-01-26 11:00:00",980,5.538,42.8,4.762,0.231,0.1373747,4.752,2.053,4.716
"2012-01-26 12:00:00",981,5.568,43.03,4.761,0.231,0.1373962,4.793,2.053,4.711
"2012-01-26 13:00:00",982,5.595,43.24,4.763,0.231,0.137305,4.762,2.053,4.711
"2012-01-26 14:00:00",983,5.563,42.99,4.76,0.231,0.1373842,4.796,2.055,4.71
"2012-01-26 15:00:00",984,5.559,42.96,4.76,0.231,0.1374076,4.776,2.053,4.712
"2012-01-26 16:00:00",985,5.528,42.72,4.76,0.231,0.1374796,4.739,2.053,4.71
"2012-01-26 17:00:00",986,5.57,43.05,4.76,0.231,0.1374428,4.722,2.054,4.708
"2012-01-26 18:00:00",987,5.569,43.04,4.76,0.231,0.1373525,4.772,2.054,4.705
"2012-01-26 19:00:00",988,5.608,43.33,4.759,0.231,0.1373467,4.791,2.053,4.704
"2012-01-26 20:00:00",989,5.552,42.91,4.761,0.231,0.1373797,4.784,2.053,4.706
"2012-01-26 21:00:00",990,5.548,42.87,4.76,0.231,0.1374696,4.758,2.053,4.703
"2012-01-26 22:00:00",991,5.607,43.33,4.758,0.231,0.1373556,4.739,2.053,4.701
"2012-01-26 23:00:00",992,5.59,43.19,4.753,0.231,0.1373556,4.787,2.052,4.702
"2012-01-27 00:00:00",993,5.57,43.04,4.753,0.231,0.1373327,4.71,2.053,4.698
"2012-01-27 01:00:00",994,5.563,42.98,4.751,0.231,0.1373213,4.71,2.053,4.697
"2012-01-27 02:00:00",995,5.564,42.98,4.747,0.231,0.1373786,4.727,2.052,4.697
"2012-01-27 03:00:00",996,5.576,43.08,4.745,0.231,0.1373793,4.74,2.052,4.697
"2012-01-27 04:00:00",997,5.527,42.69,4.746,0.231,0.1374314,4.722,2.051,4.696
"2012-01-27 05:00:00",998,5.554,42.91,4.745,0.231,0.13742,4.78,2.052,4.695
"2012-01-27 06:00:00",999,5.529,42.71,4.741,0.231,0.1373744,4.761,2.052,4.691
"2012-01-27 07:00:00",1000,5.577,43.08,4.739,0.231,0.1373402,4.761,2.051,4.689
"2012-01-27 08:00:00",1001,5.593,43.2,4.739,0.231,0.1372873,4.763,2.051,4.689
"2012-01-27 09:00:00",1002,5.558,42.93,4.741,0.231,0.1373476,4.773,2.05,4.692
"2012-01-27 10:00:00",1003,5.559,42.94,4.738,0.231,0.1372766,4.768,2.049,4.69
"2012-01-27 11:00:00",1004,5.567,42.99,4.737,0.231,0.1372374,4.703,2.048,4.686
"2012-01-27 12:00:00",1005,5.524,42.66,4.736,0.231,0.1372462,4.76,2.05,4.685
"2012-01-27 13:00:00",1006,5.505,42.51,4.736,0.23,0.13723,4.768,2.05,4.684
"2012-01-27 14:00:00",1007,5.486,42.37,4.736,0.231,0.1372164,4.696,2.05,4.683
"2012-01-27 15:00:00",1008,5.518,42.61,4.735,0.231,0.1371808,4.694,2.05,4.682
"2012-01-27 16:00:00",1009,5.483,42.35,4.735,0.231,0.1372077,4.707,2.05,4.678
"2012-01-27 17:00:00",1010,5.516,42.6,4.735,0.23,0.1371046,4.749,2.049,4.678
"2012-01-27 18:00:00",1011,5.516,42.6,4.736,0.231,0.1371159,4.691,2.049,4.676
"2012-01-27 19:00:00",1012,5.553,42.89,4.734,0.23,0.1370703,4.749,2.05,4.674
"2012-01-27 20:00:00",1013,5.579,43.08,4.734,0.231,0.1371415,4.739,2.05,4.671
"2012-01-27 21:00:00",1014,5.553,42.88,4.729,0.231,0.1370548,4.703,2.05,4.672
"2012-01-27 22:00:00",1015,5.586,43.13,4.73,0.231,0.1369863,4.693,2.049,4.671
"2012-01-27 23:00:00",1016,5.582,43.1,4.727,0.23,0.1370091,4.732,2.049,4.668
"2012-01-28 00:00:00",1017,5.569,43,4.721,0.231,0.1370434,4.693,2.049,4.668
"2012-01-28 01:00:00",1018,5.612,43.33,4.718,0.231,0.1370434,4.722,2.049,4.668
"2012-01-28 02:00:00",1019,5.516,42.58,4.72,0.23,0.1370662,4.751,2.048,4.667
"2012-01-28 03:00:00",1020,5.581,43.08,4.715,0.23,0.1370662,4.742,2.049,4.666
"2012-01-28 04:00:00",1021,5.608,43.29,4.716,0.23,0.1369978,4.742,2.049,4.664
"2012-01-28 05:00:00",1022,5.603,43.25,4.715,0.23,0.1370091,4.732,2.048,4.664
"2012-01-28 06:00:00",1023,5.598,43.21,4.713,0.231,0.1370206,4.684,2.048,4.66
"2012-01-28 07:00:00",1024,5.56,42.91,4.712,0.231,0.1369978,4.713,2.048,4.659
"2012-01-28 08:00:00",1025,5.586,43.11,4.711,0.231,0.1370206,4.655,2.048,4.658
"2012-01-28 09:00:00",1026,5.549,42.83,4.712,0.231,0.1370434,4.664,2.048,4.656
"2012-01-28 10:00:00",1027,5.588,43.13,4.711,0.231,0.1370206,4.674,2.047,4.653
"2012-01-28 11:00:00",1028,5.57,42.99,4.71,0.231,0.137015,4.683,2.047,4.652
"2012-01-28 12:00:00",1029,5.534,42.71,4.711,0.231,0.1369906,4.691,2.047,4.65
"2012-01-28 13:00:00",1030,5.551,42.84,4.711,0.231,0.1370133,4.71,2.047,4.65
"2012-01-28 14:00:00",1031,5.567,42.97,4.71,0.231,0.1369677,4.71,2.047,4.649
"2012-01-28 15:00:00",1032,5.748,44.36,4.705,0.23,0.136694,4.691,2.047,4.642
"2012-01-28 16:00:00",1033,5.562,42.92,4.707,0.23,0.1370133,4.729,2.047,4.648
"2012-01-28 17:00:00",1034,5.515,42.56,4.706,0.231,0.137059,4.681,2.047,4.646
"2012-01-28 18:00:00",1035,5.556,42.87,4.705,0.23,0.1369905,4.72,2.047,4.644
"2012-01-28 19:00:00",1036,5.539,42.73,4.697,0.231,0.1369677,4.652,2.048,4.642
"2012-01-28 20:00:00",1037,5.609,43.27,4.693,0.231,0.1368308,4.662,2.047,4.644
"2012-01-28 21:00:00",1038,5.581,43.06,4.696,0.23,0.1369449,4.72,2.047,4.644
"2012-01-28 22:00:00",1039,5.563,42.92,4.695,0.23,0.1369107,4.72,2.047,4.642
"2012-01-28 23:00:00",1040,5.55,42.81,4.691,0.23,0.1369791,4.729,2.047,4.641
"2012-01-29 00:00:00",1041,5.52,42.59,4.691,0.231,0.1370133,4.7,2.048,4.639
"2012-01-29 01:00:00",1042,5.542,42.75,4.69,0.231,0.13695,4.681,2.047,4.638
"2012-01-29 02:00:00",1043,5.534,42.69,4.688,0.231,0.137003,4.706,2.048,4.635
"2012-01-29 03:00:00",1044,5.557,42.86,4.688,0.23,0.1369412,4.714,2.048,4.637
"2012-01-29 04:00:00",1045,5.579,43.03,4.686,0.241,0.1432926,4.685,2.048,4.632
"2012-01-29 05:00:00",1046,5.591,43.12,4.686,0.231,0.1368614,4.675,2.047,4.633
"2012-01-29 06:00:00",1047,5.535,42.7,4.686,0.23,0.1368859,4.714,2.048,4.635
"2012-01-29 07:00:00",1048,5.542,42.74,4.685,0.231,0.1369002,4.686,2.048,4.629
"2012-01-29 08:00:00",1049,5.588,43.1,4.683,0.23,0.1368614,4.714,2.047,4.631
"2012-01-29 09:00:00",1050,5.607,43.24,4.681,0.231,0.1368386,4.627,2.048,4.628
"2012-01-29 10:00:00",1051,5.578,43.02,4.68,0.23,0.1368868,4.724,2.048,4.625
"2012-01-29 11:00:00",1052,5.57,42.96,4.678,0.231,0.1368937,4.641,2.048,4.624
"2012-01-29 12:00:00",1053,5.637,43.46,4.673,0.23,0.1367666,4.707,2.049,4.621
"2012-01-29 13:00:00",1054,5.65,43.55,4.664,0.231,0.1367438,4.64,2.049,4.618
"2012-01-29 14:00:00",1055,5.6,43.17,4.664,0.231,0.136778,4.659,2.049,4.622
"2012-01-29 15:00:00",1056,5.604,43.2,4.663,0.231,0.1367894,4.63,2.05,4.618
"2012-01-29 16:00:00",1057,5.626,43.36,4.662,0.23,0.1368236,4.688,2.051,4.618
"2012-01-29 17:00:00",1058,5.552,42.8,4.665,0.231,0.1368577,4.678,2.051,4.617
"2012-01-29 18:00:00",1059,5.632,43.41,4.662,0.23,0.136835,4.698,2.052,4.616
"2012-01-29 19:00:00",1060,5.624,43.35,4.661,0.231,0.1368122,4.669,2.053,4.614
"2012-01-29 20:00:00",1061,5.6,43.17,4.66,0.231,0.1367877,4.662,2.054,4.613
"2012-01-29 21:00:00",1062,5.621,43.32,4.66,0.231,0.1368013,4.625,2.056,4.611
"2012-01-29 22:00:00",1063,5.618,43.31,4.659,0.23,0.1367815,4.675,2.058,4.611
"2012-01-29 23:00:00",1064,5.638,43.46,4.658,0.23,0.1368268,4.694,2.061,4.609
"2012-01-30 00:00:00",1065,5.631,43.4,4.656,0.23,0.1368042,4.684,2.064,4.611
"2012-01-30 01:00:00",1066,5.614,43.27,4.654,0.231,0.1367468,4.617,2.066,4.609
"2012-01-30 02:00:00",1067,5.602,43.17,4.652,0.231,0.1368271,4.617,2.07,4.606
"2012-01-30 03:00:00",1068,5.65,43.54,4.648,0.231,0.1367937,4.666,2.073,4.608
"2012-01-30 04:00:00",1069,5.587,43.05,4.648,0.231,0.136905,4.647,2.076,4.605
"2012-01-30 05:00:00",1070,5.634,43.41,4.644,0.231,0.1368044,4.636,2.079,4.606
"2012-01-30 06:00:00",1071,5.605,43.18,4.64,0.231,0.1367931,4.656,2.081,4.601
"2012-01-30 07:00:00",1072,5.611,43.23,4.637,0.231,0.1367824,4.627,2.083,4.598
"2012-01-30 08:00:00",1073,5.613,43.24,4.638,0.231,0.1367246,4.646,2.084,4.596
"2012-01-30 09:00:00",1074,5.626,43.34,4.638,0.231,0.1367246,4.607,2.085,4.598
"2012-01-30 10:00:00",1075,5.621,43.3,4.636,0.231,0.1366962,4.627,2.085,4.595
"2012-01-30 11:00:00",1076,5.633,43.39,4.635,0.23,0.1367027,4.666,2.086,4.594
"2012-01-30 12:00:00",1077,5.612,43.23,4.635,0.231,0.1366777,4.613,2.086,4.595
"2012-01-30 13:00:00",1078,5.587,43.04,4.636,0.231,0.1366982,4.63,2.087,4.592
"2012-01-30 14:00:00",1079,5.622,43.31,4.636,0.231,0.1366868,4.62,2.087,4.592
"2012-01-30 15:00:00",1080,5.608,43.2,4.637,0.231,0.1366982,4.63,2.087,4.593
"2012-01-30 16:00:00",1081,5.601,43.14,4.636,0.23,0.1366641,4.649,2.088,4.593
"2012-01-30 17:00:00",1082,5.607,43.19,4.636,0.23,0.136654,4.669,2.089,4.595
"2012-01-30 18:00:00",1083,5.614,43.25,4.636,0.23,0.1366583,4.66,2.089,4.593
"2012-01-30 19:00:00",1084,5.619,43.28,4.635,0.23,0.1366531,4.664,2.09,4.588
"2012-01-30 20:00:00",1085,5.598,43.12,4.636,0.231,0.1366787,4.617,2.09,4.589
"2012-01-30 21:00:00",1086,5.619,43.28,4.634,0.231,0.1366536,4.599,2.09,4.589
"2012-01-30 22:00:00",1087,5.623,43.31,4.633,0.23,0.1366106,4.656,2.09,4.588
"2012-01-30 23:00:00",1088,5.629,43.36,4.634,0.23,0.1366118,4.647,2.09,4.584
"2012-01-31 00:00:00",1089,5.629,43.36,4.634,0.23,0.1365713,4.637,2.091,4.583
"2012-01-31 01:00:00",1090,5.564,42.86,4.635,0.231,0.1366697,4.589,2.09,4.582
"2012-01-31 02:00:00",1091,5.618,43.28,4.635,0.231,0.1366031,4.608,2.091,4.585
"2012-01-31 03:00:00",1092,5.624,43.32,4.634,0.23,0.136565,4.646,2.09,4.582
"2012-01-31 04:00:00",1093,5.625,43.33,4.632,0.23,0.1365686,4.662,2.089,4.582
"2012-01-31 05:00:00",1094,5.646,43.49,4.631,0.23,0.1365682,4.652,2.089,4.583
"2012-01-31 06:00:00",1095,5.629,43.36,4.633,0.231,0.1365799,4.623,2.089,4.578
"2012-01-31 07:00:00",1096,5.574,42.93,4.63,0.23,0.1366028,4.662,2.088,4.578
"2012-01-31 08:00:00",1097,5.668,43.65,4.624,0.23,0.1364431,4.633,2.088,4.578
"2012-01-31 09:00:00",1098,5.62,43.27,4.624,0.231,0.1364887,4.585,2.087,4.575
"2012-01-31 10:00:00",1099,5.667,43.64,4.62,0.231,0.1364773,4.585,2.086,4.576
"2012-01-31 11:00:00",1100,5.63,43.36,4.627,0.231,0.1364881,4.579,2.085,4.575
"2012-01-31 12:00:00",1101,5.69,43.81,4.621,0.23,0.1364003,4.644,2.085,4.575
"2012-01-31 13:00:00",1102,5.722,44.06,4.615,0.23,0.1363579,4.622,2.085,4.565
"2012-01-31 14:00:00",1103,5.724,44.07,4.614,0.23,0.1362766,4.591,2.085,4.57
"2012-01-31 15:00:00",1104,5.773,44.44,4.613,0.23,0.1362083,4.601,2.084,4.567
"2012-01-31 16:00:00",1105,5.572,42.9,4.614,0.231,0.1365159,4.611,2.084,4.567
"2012-01-31 17:00:00",1106,5.69,43.8,4.611,0.23,0.1363449,4.62,2.083,4.566
"2012-01-31 18:00:00",1107,5.633,43.37,4.614,0.23,0.1365271,4.643,2.082,4.566
"2012-01-31 19:00:00",1108,5.6,43.11,4.612,0.231,0.136533,4.588,2.082,4.566
"2012-01-31 20:00:00",1109,5.603,43.13,4.612,0.23,0.1364703,4.648,2.081,4.564
"2012-01-31 21:00:00",1110,5.597,43.09,4.612,0.23,0.1364543,4.608,2.081,4.564
"2012-01-31 22:00:00",1111,5.644,43.45,4.61,0.23,0.1364172,4.598,2.08,4.561
"2012-01-31 23:00:00",1112,5.671,43.66,4.611,0.23,0.1363321,4.601,2.079,4.558
"2012-02-01 00:00:00",1113,5.647,43.47,4.609,0.23,0.1364036,4.612,2.079,4.56
"2012-02-01 01:00:00",1114,5.613,43.21,4.611,0.231,0.1364394,4.573,2.079,4.559
"2012-02-01 02:00:00",1115,5.588,43.02,4.61,0.23,0.1364887,4.613,2.078,4.558
"2012-02-01 03:00:00",1116,5.64,43.42,4.609,0.23,0.1364204,4.613,2.078,4.556
"2012-02-01 04:00:00",1117,5.614,43.21,4.608,0.231,0.1363975,4.565,2.077,4.557
"2012-02-01 05:00:00",1118,5.619,43.25,4.606,0.23,0.1363292,4.623,2.077,4.554
"2012-02-01 06:00:00",1119,5.563,42.82,4.607,0.23,0.1364459,4.603,2.076,4.554
"2012-02-01 07:00:00",1120,5.615,43.21,4.6,0.23,0.1364388,4.597,2.076,4.552
"2012-02-01 08:00:00",1121,5.611,43.19,4.602,0.23,0.1364161,4.597,2.075,4.551
"2012-02-01 09:00:00",1122,5.575,42.91,4.598,0.231,0.1364616,4.587,2.074,4.549
"2012-02-01 10:00:00",1123,5.591,43.02,4.597,0.231,0.1364388,4.568,2.074,4.549
"2012-02-01 11:00:00",1124,5.641,43.41,4.594,0.231,0.1363857,4.577,2.073,4.547
"2012-02-01 12:00:00",1125,5.619,43.23,4.59,0.23,0.1363809,4.614,2.073,4.546
"2012-02-01 13:00:00",1126,5.651,43.48,4.589,0.231,0.1363612,4.567,2.073,4.546
"2012-02-01 14:00:00",1127,5.577,42.91,4.588,0.23,0.1364247,4.611,2.072,4.544
"2012-02-01 15:00:00",1128,5.679,43.69,4.585,0.23,0.1363449,4.591,2.073,4.542
"2012-02-01 16:00:00",1129,5.531,42.56,4.587,0.231,0.1364795,4.553,2.073,4.543
"2012-02-01 17:00:00",1130,5.559,42.77,4.586,0.23,0.136436,4.601,2.071,4.541
"2012-02-01 18:00:00",1131,5.566,42.82,4.586,0.231,0.1363843,4.553,2.072,4.537
"2012-02-01 19:00:00",1132,5.568,42.84,4.586,0.23,0.136391,4.597,2.071,4.537
"2012-02-01 20:00:00",1133,5.611,43.17,4.584,0.231,0.1363411,4.541,2.071,4.536
"2012-02-01 21:00:00",1134,5.595,43.04,4.586,0.231,0.1363647,4.55,2.07,4.537
"2012-02-01 22:00:00",1135,5.571,42.86,4.585,0.23,0.1363142,4.598,2.07,4.534
"2012-02-01 23:00:00",1136,5.559,42.76,4.586,0.23,0.1363713,4.598,2.069,4.538
"2012-02-02 00:00:00",1137,5.566,42.82,4.583,0.231,0.1364396,4.53,2.069,4.534
"2012-02-02 01:00:00",1138,5.644,43.42,4.582,0.23,0.1362346,4.598,2.069,4.53
"2012-02-02 02:00:00",1139,5.56,42.77,4.584,0.231,0.1363257,4.55,2.069,4.531
"2012-02-02 03:00:00",1140,5.623,43.24,4.577,0.231,0.1362827,4.531,2.068,4.528
"2012-02-02 04:00:00",1141,5.579,42.91,4.578,0.231,0.1363029,4.54,2.068,4.53
"2012-02-02 05:00:00",1142,5.515,42.41,4.573,0.231,0.1363257,4.559,2.068,4.527
"2012-02-02 06:00:00",1143,5.649,43.44,4.568,0.231,0.1362574,4.549,2.067,4.527
"2012-02-02 07:00:00",1144,5.587,42.96,4.571,0.231,0.1362916,4.559,2.067,4.523
"2012-02-02 08:00:00",1145,5.632,43.31,4.564,0.231,0.1362251,4.54,2.067,4.522
"2012-02-02 09:00:00",1146,5.61,43.13,4.563,0.23,0.1362568,4.561,2.067,4.522
"2012-02-02 10:00:00",1147,5.638,43.35,4.564,0.23,0.1362381,4.599,2.066,4.519
"2012-02-02 11:00:00",1148,5.583,42.92,4.562,0.23,0.1362844,4.579,2.066,4.518
"2012-02-02 12:00:00",1149,5.624,43.23,4.56,0.231,0.1361908,4.53,2.065,4.519
"2012-02-02 13:00:00",1150,5.591,42.98,4.561,0.23,0.1362128,4.565,2.065,4.516
"2012-02-02 14:00:00",1151,5.61,43.13,4.561,0.231,0.1362433,4.553,2.065,4.515
"2012-02-02 15:00:00",1152,5.594,43,4.561,0.231,0.1362424,4.543,2.066,4.513
"2012-02-02 16:00:00",1153,5.648,43.42,4.56,0.23,0.1361969,4.572,2.065,4.514
"2012-02-02 17:00:00",1154,5.599,43.05,4.56,0.23,0.1361837,4.563,2.065,4.512
"2012-02-02 18:00:00",1155,5.625,43.24,4.559,0.23,0.1361802,4.559,2.065,4.511
"2012-02-02 19:00:00",1156,5.656,43.48,4.557,0.231,0.136158,4.507,2.065,4.508
"2012-02-02 20:00:00",1157,5.621,43.21,4.557,0.23,0.1361241,4.556,2.064,4.507
"2012-02-02 21:00:00",1158,5.586,42.93,4.553,0.23,0.1361012,4.585,2.063,4.505
"2012-02-02 22:00:00",1159,5.621,43.21,4.552,0.231,0.1361012,4.517,2.063,4.504
"2012-02-02 23:00:00",1160,5.617,43.17,4.548,0.231,0.1361469,4.517,2.063,4.503
"2012-02-03 00:00:00",1161,5.623,43.21,4.547,0.23,0.1361241,4.556,2.063,4.502
"2012-02-03 01:00:00",1162,5.659,43.49,4.545,0.231,0.1361012,4.507,2.063,4.5
"2012-02-03 02:00:00",1163,5.666,43.53,4.54,0.23,0.1360556,4.556,2.063,4.496
"2012-02-03 03:00:00",1164,5.728,44.01,4.539,0.23,0.1360291,4.513,2.063,4.497
"2012-02-03 04:00:00",1165,5.658,43.48,4.537,0.231,0.1360854,4.51,2.062,4.495
"2012-02-03 05:00:00",1166,5.679,43.64,4.537,0.23,0.1360399,4.549,2.062,4.495
"2012-02-03 06:00:00",1167,5.637,43.31,4.536,0.23,0.1360285,4.539,2.062,4.493
"2012-02-03 07:00:00",1168,5.643,43.35,4.535,0.23,0.1360399,4.549,2.061,4.492
"2012-02-03 08:00:00",1169,5.689,43.71,4.536,0.23,0.1361082,4.549,2.062,4.49
"2012-02-03 09:00:00",1170,5.666,43.53,4.536,0.23,0.136131,4.549,2.06,4.486
"2012-02-03 10:00:00",1171,5.691,43.72,4.535,0.231,0.1361995,4.51,2.06,4.49
"2012-02-03 11:00:00",1172,5.519,42.4,4.535,0.231,0.1363248,4.549,2.06,4.491
"2012-02-03 12:00:00",1173,5.466,41.99,4.536,0.231,0.1364546,4.566,2.059,4.49
